CM;1;1;46
CM;1;2;41
CM;1;3;62
CM;1;4;82
CM;1;5;103
CM;1;6;123
CM;1;7;144
CM;1;8;189
CM;1;9;186
CM;1;10;273
CM;1;11;471
CM;1;12;334
CM;1;13;341
CM;1;14;287
CM;1;15;317
CM;1;16;328
CM;1;17;348
CM;1;18;390
CM;1;19;392
CM;1;20;412
CM;1;21;453
CM;1;22;758
CM;1;23;798
CM;1;24;769
CM;1;25;927
CM;1;26;816
CM;1;27;979
CM;1;28;877
CM;1;29;1206
CM;1;30;2167
CM;1;31;1057
CM;1;32;1057
CM;1;33;1287
CM;1;34;1285
CM;1;35;1369
CM;1;36;2206
CM;1;37;1419
CM;1;38;1453
CM;1;39;1478
CM;1;40;1538
CM;1;41;1264
CM;1;42;2320
CM;1;43;919
CM;1;44;1650
CM;1;45;1553
CM;1;46;950
CM;1;47;1424
CM;1;48;1657
CM;1;49;1660
CM;1;50;1649
CM;1;51;2065
CM;1;52;2156
CM;1;53;2049
CM;1;54;1204
CM;1;55;2012
CM;1;56;1580
CM;1;57;1202
CM;1;58;1192
CM;1;59;1228
CM;1;60;1273
CM;1;61;1323
CM;1;62;1277
CM;1;63;1312
CM;1;64;1319
CM;1;65;1489
CM;1;66;1433
CM;1;67;1414
CM;1;68;1431
CM;1;69;1434
CM;1;70;1505
CM;1;71;1459
CM;1;72;1495
CM;1;73;1504
CM;1;74;1564
CM;1;75;1587
CM;2;1;41
CM;2;2;82
CM;2;3;123
CM;2;4;164
CM;2;5;226
CM;2;6;246
CM;2;7;470
CM;2;8;345
CM;2;9;460
CM;2;10;410
CM;2;11;457
CM;2;12;531
CM;2;13;540
CM;2;14;598
CM;2;15;649
CM;2;16;662
CM;2;17;741
CM;2;18;779
CM;2;19;1008
CM;2;20;1207
CM;2;21;2171
CM;2;22;971
CM;2;23;953
CM;2;24;987
CM;2;25;1072
CM;2;26;1076
CM;2;27;1210
CM;2;28;1846
CM;2;29;1945
CM;2;30;1239
CM;2;31;1278
CM;2;32;1318
CM;2;33;1359
CM;2;34;2090
CM;2;35;1458
CM;2;36;1736
CM;2;37;1536
CM;2;38;1588
CM;2;39;1687
CM;2;40;1742
CM;2;41;1826
CM;2;42;1999
CM;2;43;1789
CM;2;44;1859
CM;2;45;2109
CM;2;46;1913
CM;2;47;2109
CM;2;48;2034
CM;2;49;2050
CM;2;50;2273
CM;2;51;2175
CM;2;52;2606
CM;2;53;2278
CM;2;54;2254
CM;2;55;2316
CM;2;56;2431
CM;2;57;2369
CM;2;58;2417
CM;2;59;2440
CM;2;60;2544
CM;2;61;2662
CM;2;62;2585
CM;2;63;2633
CM;2;64;2721
CM;2;65;2715
CM;2;66;2831
CM;2;67;2842
CM;2;68;3196
CM;2;69;2881
CM;2;70;2939
CM;2;71;2937
CM;2;72;2957
CM;2;73;3361
CM;2;74;3069
CM;2;75;3221
CM;3;1;62
CM;3;2;139
CM;3;3;184
CM;3;4;246
CM;3;5;308
CM;3;6;377
CM;3;7;430
CM;3;8;492
CM;3;9;564
CM;3;10;666
CM;3;11;691
CM;3;12;769
CM;3;13;808
CM;3;14;869
CM;3;15;1816
CM;3;16;1473
CM;3;17;1067
CM;3;18;1175
CM;3;19;1231
CM;3;20;1286
CM;3;21;1409
CM;3;22;1350
CM;3;23;2113
CM;3;24;2480
CM;3;25;2800
CM;3;26;2091
CM;3;27;2660
CM;3;28;1789
CM;3;29;1853
CM;3;30;1872
CM;3;31;1929
CM;3;32;2451
CM;3;33;2128
CM;3;34;2110
CM;3;35;2174
CM;3;36;2259
CM;3;37;2405
CM;3;38;2419
CM;3;39;2596
CM;3;40;2524
CM;3;41;2729
CM;3;42;2656
CM;3;43;3005
CM;3;44;2776
CM;3;45;2854
CM;3;46;3986
CM;3;47;4340
CM;3;48;3022
CM;3;49;3140
CM;3;50;3152
CM;3;51;3343
CM;3;52;3290
CM;3;53;3306
CM;3;54;3360
CM;3;55;3461
CM;3;56;3523
CM;3;57;3826
CM;3;58;3652
CM;3;59;3751
CM;3;60;3998
CM;3;61;3849
CM;3;62;3896
CM;3;63;4979
CM;3;64;4074
CM;3;65;5795
CM;3;66;4458
CM;3;67;4528
CM;3;68;4304
CM;3;69;4283
CM;3;70;4448
CM;3;71;4930
CM;3;72;4614
CM;3;73;4764
CM;3;74;4624
CM;3;75;5049
CM;4;1;80
CM;4;2;159
CM;4;3;280
CM;4;4;321
CM;4;5;413
CM;4;6;525
CM;4;7;625
CM;4;8;725
CM;4;9;758
CM;4;10;839
CM;4;11;935
CM;4;12;1000
CM;4;13;1145
CM;4;14;1187
CM;4;15;1329
CM;4;16;1335
CM;4;17;1395
CM;4;18;1553
CM;4;19;2001
CM;4;20;1634
CM;4;21;2112
CM;4;22;1866
CM;4;23;1915
CM;4;24;2029
CM;4;25;2077
CM;4;26;2397
CM;4;27;2293
CM;4;28;2346
CM;4;29;2407
CM;4;30;2506
CM;4;31;2601
CM;4;32;2840
CM;4;33;2744
CM;4;34;2906
CM;4;35;2941
CM;4;36;3047
CM;4;37;3085
CM;4;38;3143
CM;4;39;4245
CM;4;40;3382
CM;4;41;4689
CM;4;42;6461
CM;4;43;5153
CM;4;44;3703
CM;4;45;6825
CM;4;46;5153
CM;4;47;9693
CM;4;48;4608
CM;4;49;4101
CM;4;50;4304
CM;4;51;4340
CM;4;52;4452
CM;4;53;4470
CM;4;54;4494
CM;4;55;4563
CM;4;56;4797
CM;4;57;4779
CM;4;58;5141
CM;4;59;4917
CM;4;60;5025
CM;4;61;5195
CM;4;62;5164
CM;4;63;5449
CM;4;64;7128
CM;4;65;5483
CM;4;66;9230
CM;4;67;5699
CM;4;68;9153
CM;4;69;6154
CM;4;70;6069
CM;4;71;6279
CM;4;72;6085
CM;4;73;6149
CM;4;74;6565
CM;4;75;6642
CM;5;1;189
CM;5;2;424
CM;5;3;622
CM;5;4;820
CM;5;5;921
CM;5;6;1227
CM;5;7;1009
CM;5;8;1192
CM;5;9;949
CM;5;10;1046
CM;5;11;1146
CM;5;12;1406
CM;5;13;1612
CM;5;14;1444
CM;5;15;1600
CM;5;16;1695
CM;5;17;1783
CM;5;18;2068
CM;5;19;2239
CM;5;20;2082
CM;5;21;2197
CM;5;22;2342
CM;5;23;2370
CM;5;24;2551
CM;5;25;2606
CM;5;26;2848
CM;5;27;2850
CM;5;28;2875
CM;5;29;3073
CM;5;30;4903
CM;5;31;3209
CM;5;32;3385
CM;5;33;5299
CM;5;34;4599
CM;5;35;3805
CM;5;36;3795
CM;5;37;4338
CM;5;38;4249
CM;5;39;4309
CM;5;40;4264
CM;5;41;4753
CM;5;42;4432
CM;5;43;4524
CM;5;44;4619
CM;5;45;4805
CM;5;46;4847
CM;5;47;4971
CM;5;48;4990
CM;5;49;5161
CM;5;50;5233
CM;5;51;5414
CM;5;52;5618
CM;5;53;5894
CM;5;54;5654
CM;5;55;5893
CM;5;56;7930
CM;5;57;6036
CM;5;58;7235
CM;5;59;7356
CM;5;60;6348
CM;5;61;7229
CM;5;62;6665
CM;5;63;6653
CM;5;64;7832
CM;5;65;8578
CM;5;66;6943
CM;5;67;7246
CM;5;68;8113
CM;5;69;7263
CM;5;70;7482
CM;5;71;7434
CM;5;72;7549
CM;5;73;7665
CM;5;74;8618
CM;5;75;11568
CM;6;1;133
CM;6;2;239
CM;6;3;379
CM;6;4;518
CM;6;5;651
CM;6;6;908
CM;6;7;927
CM;6;8;1043
CM;6;9;1128
CM;6;10;1249
CM;6;11;1391
CM;6;12;1544
CM;6;13;1636
CM;6;14;2413
CM;6;15;1853
CM;6;16;2019
CM;6;17;2201
CM;6;18;2369
CM;6;19;2538
CM;6;20;2507
CM;6;21;2758
CM;6;22;2809
CM;6;23;2928
CM;6;24;3060
CM;6;25;3211
CM;6;26;3277
CM;6;27;3394
CM;6;28;3757
CM;6;29;3691
CM;6;30;3910
CM;6;31;3860
CM;6;32;4019
CM;6;33;6136
CM;6;34;4281
CM;6;35;4418
CM;6;36;4525
CM;6;37;4727
CM;6;38;4829
CM;6;39;5023
CM;6;40;5047
CM;6;41;7036
CM;6;42;5508
CM;6;43;5426
CM;6;44;7608
CM;6;45;5679
CM;6;46;5875
CM;6;47;6165
CM;6;48;6136
CM;6;49;6148
CM;6;50;6455
CM;6;51;6409
CM;6;52;6695
CM;6;53;6771
CM;6;54;6777
CM;6;55;6866
CM;6;56;7002
CM;6;57;7235
CM;6;58;7252
CM;6;59;7591
CM;6;60;9180
CM;6;61;10428
CM;6;62;8145
CM;6;63;8507
CM;6;64;8424
CM;6;65;8130
CM;6;66;8265
CM;6;67;8454
CM;6;68;8956
CM;6;69;8928
CM;6;70;9085
CM;6;71;9519
CM;6;72;9034
CM;6;73;9171
CM;6;74;9467
CM;6;75;10765
CM;7;1;240
CM;7;2;448
CM;7;3;431
CM;7;4;576
CM;7;5;732
CM;7;6;1082
CM;7;7;1055
CM;7;8;1308
CM;7;9;1291
CM;7;10;1430
CM;7;11;1700
CM;7;12;1757
CM;7;13;3965
CM;7;14;4369
CM;7;15;2201
CM;7;16;3063
CM;7;17;2510
CM;7;18;3392
CM;7;19;4495
CM;7;20;2894
CM;7;21;3149
CM;7;22;3617
CM;7;23;3962
CM;7;24;3497
CM;7;25;3838
CM;7;26;4122
CM;7;27;3969
CM;7;28;4108
CM;7;29;9570
CM;7;30;4413
CM;7;31;5227
CM;7;32;4661
CM;7;33;4857
CM;7;34;4920
CM;7;35;5125
CM;7;36;5245
CM;7;37;5367
CM;7;38;5742
CM;7;39;6388
CM;7;40;6987
CM;7;41;6039
CM;7;42;7358
CM;7;43;6331
CM;7;44;8062
CM;7;45;8258
CM;7;46;6830
CM;7;47;7161
CM;7;48;7024
CM;7;49;7253
CM;7;50;7292
CM;7;51;7441
CM;7;52;7919
CM;7;53;7758
CM;7;54;7948
CM;7;55;8069
CM;7;56;8965
CM;7;57;12323
CM;7;58;9050
CM;7;59;8874
CM;7;60;9324
CM;7;61;9122
CM;7;62;9127
CM;7;63;9953
CM;7;64;9565
CM;7;65;9744
CM;7;66;9932
CM;7;67;9956
CM;7;68;10261
CM;7;69;11431
CM;7;70;13549
CM;7;71;10565
CM;7;72;11138
CM;7;73;12961
CM;7;74;10945
CM;7;75;11100
CM;8;1;165
CM;8;2;329
CM;8;3;492
CM;8;4;656
CM;8;5;847
CM;8;6;991
CM;8;7;1186
CM;8;8;1487
CM;8;9;1508
CM;8;10;1695
CM;8;11;2079
CM;8;12;2025
CM;8;13;2368
CM;8;14;2343
CM;8;15;2465
CM;8;16;2673
CM;8;17;2960
CM;8;18;3026
CM;8;19;3182
CM;8;20;3469
CM;8;21;3522
CM;8;22;3957
CM;8;23;4206
CM;8;24;4006
CM;8;25;4534
CM;8;26;6818
CM;8;27;4999
CM;8;28;4885
CM;8;29;5380
CM;8;30;5137
CM;8;31;5544
CM;8;32;5390
CM;8;33;5697
CM;8;34;5658
CM;8;35;6024
CM;8;36;6168
CM;8;37;6232
CM;8;38;6503
CM;8;39;6602
CM;8;40;6709
CM;8;41;7019
CM;8;42;6982
CM;8;43;7161
CM;8;44;7468
CM;8;45;8358
CM;8;46;9961
CM;8;47;7981
CM;8;48;8614
CM;8;49;9197
CM;8;50;8560
CM;8;51;8677
CM;8;52;8688
CM;8;53;9056
CM;8;54;9026
CM;8;55;9225
CM;8;56;9564
CM;8;57;9535
CM;8;58;10252
CM;8;59;10662
CM;8;60;12500
CM;8;61;11795
CM;8;62;10586
CM;8;63;14006
CM;8;64;11090
CM;8;65;11114
CM;8;66;11021
CM;8;67;11386
CM;8;68;11840
CM;8;69;12018
CM;8;70;12546
CM;8;71;20213
CM;8;72;12845
CM;8;73;12879
CM;8;74;12896
CM;8;75;12959
CM;9;1;186
CM;9;2;369
CM;9;3;593
CM;9;4;792
CM;9;5;934
CM;9;6;1143
CM;9;7;1331
CM;9;8;1533
CM;9;9;1672
CM;9;10;1932
CM;9;11;2212
CM;9;12;2226
CM;9;13;2523
CM;9;14;2587
CM;9;15;2882
CM;9;16;3228
CM;9;17;3452
CM;9;18;6284
CM;9;19;7361
CM;9;20;3742
CM;9;21;3995
CM;9;22;4169
CM;9;23;4307
CM;9;24;6324
CM;9;25;5049
CM;9;26;5207
CM;9;27;5331
CM;9;28;5205
CM;9;29;5439
CM;9;30;5576
CM;9;31;5930
CM;9;32;6144
CM;9;33;6239
CM;9;34;6563
CM;9;35;6591
CM;9;36;6784
CM;9;37;6988
CM;9;38;7150
CM;9;39;7480
CM;9;40;7693
CM;9;41;7804
CM;9;42;9441
CM;9;43;8433
CM;9;44;9049
CM;9;45;9053
CM;9;46;9058
CM;9;47;8861
CM;9;48;9141
CM;9;49;9599
CM;9;50;9411
CM;9;51;9691
CM;9;52;9903
CM;9;53;9945
CM;9;54;12218
CM;9;55;12956
CM;9;56;11196
CM;9;57;11056
CM;9;58;11007
CM;9;59;11098
CM;9;60;11541
CM;9;61;11773
CM;9;62;11768
CM;9;63;11836
CM;9;64;12062
CM;9;65;17027
CM;9;66;13722
CM;9;67;12833
CM;9;68;13212
CM;9;69;13251
CM;9;70;13374
CM;9;71;13514
CM;9;72;13540
CM;9;73;13730
CM;9;74;16505
CM;9;75;16003
CM;10;1;200
CM;10;2;423
CM;10;3;672
CM;10;4;996
CM;10;5;1161
CM;10;6;1304
CM;10;7;1493
CM;10;8;1694
CM;10;9;1919
CM;10;10;2353
CM;10;11;2268
CM;10;12;2481
CM;10;13;2867
CM;10;14;3016
CM;10;15;3164
CM;10;16;3590
CM;10;17;3671
CM;10;18;3730
CM;10;19;4056
CM;10;20;4231
CM;10;21;4556
CM;10;22;4607
CM;10;23;5005
CM;10;24;5000
CM;10;25;5211
CM;10;26;5379
CM;10;27;5673
CM;10;28;6093
CM;10;29;6035
CM;10;30;6430
CM;10;31;8429
CM;10;32;6879
CM;10;33;6941
CM;10;34;7783
CM;10;35;7757
CM;10;36;7554
CM;10;37;7680
CM;10;38;8092
CM;10;39;8321
CM;10;40;8692
CM;10;41;8612
CM;10;42;9161
CM;10;43;9526
CM;10;44;9328
CM;10;45;9489
CM;10;46;13623
CM;10;47;11509
CM;10;48;10200
CM;10;49;10789
CM;10;50;10628
CM;10;51;10648
CM;10;52;10880
CM;10;53;11088
CM;10;54;11552
CM;10;55;11680
CM;10;56;11781
CM;10;57;13693
CM;10;58;12986
CM;10;59;16669
CM;10;60;12745
CM;10;61;12949
CM;10;62;13327
CM;10;63;13157
CM;10;64;13418
CM;10;65;13545
CM;10;66;19098
CM;10;67;15005
CM;10;68;14846
CM;10;69;14406
CM;10;70;15333
CM;10;71;14897
CM;10;72;15819
CM;10;73;15391
CM;10;74;19417
CM;10;75;17148
CM;11;1;293
CM;11;2;437
CM;11;3;680
CM;11;4;1318
CM;11;5;1292
CM;11;6;1398
CM;11;7;1627
CM;11;8;1979
CM;11;9;2108
CM;11;10;2710
CM;11;11;2618
CM;11;12;2799
CM;11;13;3042
CM;11;14;3243
CM;11;15;3762
CM;11;16;3650
CM;11;17;3899
CM;11;18;4107
CM;11;19;4438
CM;11;20;4731
CM;11;21;4903
CM;11;22;5157
CM;11;23;5282
CM;11;24;5562
CM;11;25;5718
CM;11;26;6197
CM;11;27;6409
CM;11;28;6443
CM;11;29;7170
CM;11;30;10321
CM;11;31;8145
CM;11;32;8441
CM;11;33;7593
CM;11;34;8041
CM;11;35;8279
CM;11;36;8350
CM;11;37;8549
CM;11;38;8936
CM;11;39;9124
CM;11;40;9213
CM;11;41;9712
CM;11;42;9720
CM;11;43;9858
CM;11;44;13383
CM;11;45;10422
CM;11;46;10605
CM;11;47;11426
CM;11;48;11054
CM;11;49;11435
CM;11;50;11734
CM;11;51;11677
CM;11;52;12194
CM;11;53;12144
CM;11;54;13113
CM;11;55;14674
CM;11;56;12961
CM;11;57;13214
CM;11;58;13593
CM;11;59;13578
CM;11;60;13774
CM;11;61;14317
CM;11;62;14191
CM;11;63;15010
CM;11;64;16783
CM;11;65;15738
CM;11;66;15217
CM;11;67;15659
CM;11;68;15686
CM;11;69;15859
CM;11;70;16256
CM;11;71;18637
CM;11;72;18097
CM;11;73;19399
CM;11;74;17480
CM;11;75;17296
CM;12;1;240
CM;12;2;477
CM;12;3;743
CM;12;4;1015
CM;12;5;1248
CM;12;6;1726
CM;12;7;1797
CM;12;8;2009
CM;12;9;2298
CM;12;10;2518
CM;12;11;3016
CM;12;12;3208
CM;12;13;3264
CM;12;14;3634
CM;12;15;3750
CM;12;16;4238
CM;12;17;4228
CM;12;18;7213
CM;12;19;4773
CM;12;20;8849
CM;12;21;5278
CM;12;22;7784
CM;12;23;5933
CM;12;24;6061
CM;12;25;6687
CM;12;26;6603
CM;12;27;6860
CM;12;28;7105
CM;12;29;7408
CM;12;30;7477
CM;12;31;7943
CM;12;32;8108
CM;12;33;8411
CM;12;34;8489
CM;12;35;9022
CM;12;36;10316
CM;12;37;9361
CM;12;38;9520
CM;12;39;9710
CM;12;40;10062
CM;12;41;10322
CM;12;42;10543
CM;12;43;11089
CM;12;44;11425
CM;12;45;11408
CM;12;46;11736
CM;12;47;14638
CM;12;48;12526
CM;12;49;12435
CM;12;50;12964
CM;12;51;13030
CM;12;52;13154
CM;12;53;13519
CM;12;54;13640
CM;12;55;13792
CM;12;56;15355
CM;12;57;15900
CM;12;58;15132
CM;12;59;14944
CM;12;60;15354
CM;12;61;15515
CM;12;62;15818
CM;12;63;15932
CM;12;64;16555
CM;12;65;20684
CM;12;66;17592
CM;12;67;17154
CM;12;68;17265
CM;12;69;17555
CM;12;70;18022
CM;12;71;17905
CM;12;72;23247
CM;12;73;19448
CM;12;74;24833
CM;12;75;20961
CM;13;1;369
CM;13;2;587
CM;13;3;810
CM;13;4;1074
CM;13;5;1492
CM;13;6;1720
CM;13;7;1954
CM;13;8;2188
CM;13;9;2425
CM;13;10;2847
CM;13;11;3214
CM;13;12;3348
CM;13;13;3664
CM;13;14;3839
CM;13;15;4099
CM;13;16;4599
CM;13;17;4603
CM;13;18;5685
CM;13;19;5207
CM;13;20;9203
CM;13;21;9353
CM;13;22;6895
CM;13;23;6583
CM;13;24;8058
CM;13;25;7099
CM;13;26;7065
CM;13;27;7683
CM;13;28;7629
CM;13;29;7944
CM;13;30;8150
CM;13;31;8545
CM;13;32;9078
CM;13;33;9129
CM;13;34;10884
CM;13;35;9996
CM;13;36;13944
CM;13;37;10210
CM;13;38;10368
CM;13;39;10757
CM;13;40;11090
CM;13;41;11230
CM;13;42;11740
CM;13;43;12181
CM;13;44;11921
CM;13;45;14822
CM;13;46;13476
CM;13;47;13415
CM;13;48;13401
CM;13;49;13473
CM;13;50;13863
CM;13;51;15228
CM;13;52;14264
CM;13;53;14454
CM;13;54;16166
CM;13;55;15620
CM;13;56;15413
CM;13;57;15960
CM;13;58;16002
CM;13;59;16062
CM;13;60;16611
CM;13;61;16908
CM;13;62;19939
CM;13;63;18122
CM;13;64;17889
CM;13;65;18003
CM;13;66;18036
CM;13;67;18290
CM;13;68;20610
CM;13;69;21355
CM;13;70;19711
CM;13;71;19717
CM;13;72;19824
CM;13;73;20090
CM;13;74;20740
CM;13;75;23540
CM;14;1;279
CM;14;2;556
CM;14;3;889
CM;14;4;1210
CM;14;5;1431
CM;14;6;2414
CM;14;7;2095
CM;14;8;2384
CM;14;9;2638
CM;14;10;3342
CM;14;11;3273
CM;14;12;3579
CM;14;13;3890
CM;14;14;4173
CM;14;15;4600
CM;14;16;4645
CM;14;17;4960
CM;14;18;5333
CM;14;19;5610
CM;14;20;6074
CM;14;21;6143
CM;14;22;7640
CM;14;23;6693
CM;14;24;7110
CM;14;25;7465
CM;14;26;9531
CM;14;27;8390
CM;14;28;9055
CM;14;29;8988
CM;14;30;9006
CM;14;31;9283
CM;14;32;9588
CM;14;33;9837
CM;14;34;10225
CM;14;35;10216
CM;14;36;10642
CM;14;37;10968
CM;14;38;11374
CM;14;39;21943
CM;14;40;17841
CM;14;41;15310
CM;14;42;16424
CM;14;43;15714
CM;14;44;20353
CM;14;45;14626
CM;14;46;13462
CM;14;47;16506
CM;14;48;14702
CM;14;49;14748
CM;14;50;14857
CM;14;51;15388
CM;14;52;15205
CM;14;53;15697
CM;14;54;15886
CM;14;55;20282
CM;14;56;17330
CM;14;57;17180
CM;14;58;17083
CM;14;59;17366
CM;14;60;17987
CM;14;61;17942
CM;14;62;21684
CM;14;63;19623
CM;14;64;19189
CM;14;65;19648
CM;14;66;20725
CM;14;67;20266
CM;14;68;23349
CM;14;69;21252
CM;14;70;20833
CM;14;71;21614
CM;14;72;21179
CM;14;73;21930
CM;14;74;25723
CM;14;75;22431
CM;15;1;314
CM;15;2;644
CM;15;3;928
CM;15;4;1466
CM;15;5;1535
CM;15;6;1887
CM;15;7;2164
CM;15;8;2465
CM;15;9;3225
CM;15;10;3186
CM;15;11;3576
CM;15;12;4217
CM;15;13;4126
CM;15;14;4856
CM;15;15;4683
CM;15;16;5096
CM;15;17;5280
CM;15;18;6109
CM;15;19;5919
CM;15;20;6313
CM;15;21;7784
CM;15;22;6906
CM;15;23;9152
CM;15;24;10756
CM;15;25;8395
CM;15;26;8306
CM;15;27;8496
CM;15;28;8895
CM;15;29;9192
CM;15;30;9637
CM;15;31;9987
CM;15;32;10194
CM;15;33;10473
CM;15;34;10801
CM;15;35;10948
CM;15;36;13428
CM;15;37;13121
CM;15;38;18387
CM;15;39;13255
CM;15;40;12544
CM;15;41;13401
CM;15;42;13727
CM;15;43;13645
CM;15;44;14063
CM;15;45;15741
CM;15;46;14959
CM;15;47;19041
CM;15;48;15797
CM;15;49;15493
CM;15;50;15809
CM;15;51;16444
CM;15;52;16559
CM;15;53;21979
CM;15;54;19193
CM;15;55;17651
CM;15;56;17979
CM;15;57;18301
CM;15;58;18462
CM;15;59;18572
CM;15;60;21063
CM;15;61;19641
CM;15;62;19697
CM;15;63;28896
CM;15;64;20592
CM;15;65;22214
CM;15;66;21683
CM;15;67;21065
CM;15;68;21569
CM;15;69;22066
CM;15;70;22220
CM;15;71;27038
CM;15;72;23387
CM;15;73;23644
CM;15;74;24658
CM;15;75;23745
CM;16;1;372
CM;16;2;694
CM;16;3;1000
CM;16;4;1361
CM;16;5;2105
CM;16;6;2023
CM;16;7;2346
CM;16;8;2764
CM;16;9;3893
CM;16;10;4272
CM;16;11;3737
CM;16;12;5582
CM;16;13;4319
CM;16;14;4745
CM;16;15;5271
CM;16;16;5317
CM;16;17;6040
CM;16;18;6004
CM;16;19;6524
CM;16;20;6848
CM;16;21;7003
CM;16;22;7712
CM;16;23;7772
CM;16;24;8102
CM;16;25;8367
CM;16;26;8703
CM;16;27;9150
CM;16;28;9346
CM;16;29;13355
CM;16;30;11162
CM;16;31;10988
CM;16;32;11085
CM;16;33;11058
CM;16;34;11449
CM;16;35;13439
CM;16;36;12172
CM;16;37;12517
CM;16;38;12755
CM;16;39;15720
CM;16;40;16881
CM;16;41;17005
CM;16;42;14439
CM;16;43;15018
CM;16;44;14902
CM;16;45;15399
CM;16;46;15379
CM;16;47;15942
CM;16;48;21732
CM;16;49;20647
CM;16;50;17586
CM;16;51;18232
CM;16;52;17894
CM;16;53;18540
CM;16;54;19953
CM;16;55;19398
CM;16;56;20015
CM;16;57;19617
CM;16;58;19557
CM;16;59;20313
CM;16;60;20545
CM;16;61;24995
CM;16;62;21215
CM;16;63;23109
CM;16;64;21897
CM;16;65;22084
CM;16;66;24899
CM;16;67;23061
CM;16;68;23178
CM;16;69;23327
CM;16;70;23555
CM;16;71;25751
CM;16;72;25522
CM;16;73;24944
CM;16;74;24993
CM;16;75;25200
CM;17;1;339
CM;17;2;676
CM;17;3;1060
CM;17;4;1725
CM;17;5;1976
CM;17;6;2131
CM;17;7;2458
CM;17;8;2847
CM;17;9;3658
CM;17;10;3651
CM;17;11;4414
CM;17;12;4256
CM;17;13;6513
CM;17;14;5638
CM;17;15;5922
CM;17;16;5940
CM;17;17;6303
CM;17;18;6868
CM;17;19;6773
CM;17;20;7269
CM;17;21;7613
CM;17;22;7802
CM;17;23;8200
CM;17;24;8573
CM;17;25;8927
CM;17;26;9614
CM;17;27;9628
CM;17;28;11967
CM;17;29;14528
CM;17;30;11200
CM;17;31;11248
CM;17;32;11999
CM;17;33;12020
CM;17;34;12597
CM;17;35;12531
CM;17;36;13026
CM;17;37;13188
CM;17;38;14972
CM;17;39;17003
CM;17;40;14632
CM;17;41;14834
CM;17;42;16612
CM;17;43;15528
CM;17;44;16601
CM;17;45;18996
CM;17;46;20346
CM;17;47;17645
CM;17;48;17622
CM;17;49;17928
CM;17;50;17893
CM;17;51;18466
CM;17;52;18605
CM;17;53;21577
CM;17;54;19931
CM;17;55;19734
CM;17;56;20478
CM;17;57;20472
CM;17;58;20632
CM;17;59;26351
CM;17;60;22213
CM;17;61;21665
CM;17;62;22148
CM;17;63;22667
CM;17;64;24869
CM;17;65;24714
CM;17;66;24146
CM;17;67;24062
CM;17;68;24233
CM;17;69;25796
CM;17;70;26469
CM;17;71;27479
CM;17;72;25927
CM;17;73;26477
CM;17;74;28355
CM;17;75;29646
CM;18;1;439
CM;18;2;762
CM;18;3;1115
CM;18;4;1592
CM;18;5;1931
CM;18;6;2297
CM;18;7;2676
CM;18;8;3525
CM;18;9;3386
CM;18;10;3883
CM;18;11;4375
CM;18;12;4595
CM;18;13;4973
CM;18;14;5320
CM;18;15;5710
CM;18;16;6101
CM;18;17;6598
CM;18;18;6844
CM;18;19;7315
CM;18;20;7587
CM;18;21;8807
CM;18;22;9060
CM;18;23;12907
CM;18;24;15231
CM;18;25;15725
CM;18;26;9945
CM;18;27;10324
CM;18;28;10702
CM;18;29;10928
CM;18;30;11367
CM;18;31;11896
CM;18;32;13778
CM;18;33;17034
CM;18;34;14077
CM;18;35;14806
CM;18;36;14061
CM;18;37;14080
CM;18;38;14621
CM;18;39;14924
CM;18;40;15089
CM;18;41;20209
CM;18;42;16510
CM;18;43;16862
CM;18;44;17057
CM;18;45;17274
CM;18;46;17423
CM;18;47;18012
CM;18;48;21462
CM;18;49;19248
CM;18;50;22307
CM;18;51;19615
CM;18;52;19755
CM;18;53;20398
CM;18;54;22389
CM;18;55;21815
CM;18;56;21654
CM;18;57;21766
CM;18;58;22163
CM;18;59;23035
CM;18;60;27976
CM;18;61;23586
CM;18;62;23827
CM;18;63;25198
CM;18;64;24494
CM;18;65;28641
CM;18;66;25316
CM;18;67;25628
CM;18;68;25963
CM;18;69;26198
CM;18;70;36721
CM;18;71;29239
CM;18;72;27693
CM;18;73;27625
CM;18;74;32946
CM;18;75;28846
CM;19;1;422
CM;19;2;818
CM;19;3;1273
CM;19;4;1599
CM;19;5;2023
CM;19;6;2359
CM;19;7;2797
CM;19;8;3446
CM;19;9;3601
CM;19;10;4253
CM;19;11;4301
CM;19;12;4894
CM;19;13;5449
CM;19;14;5826
CM;19;15;5985
CM;19;16;6491
CM;19;17;6739
CM;19;18;7255
CM;19;19;9754
CM;19;20;10321
CM;19;21;9716
CM;19;22;9943
CM;19;23;9394
CM;19;24;9828
CM;19;25;10066
CM;19;26;10778
CM;19;27;10801
CM;19;28;11275
CM;19;29;11520
CM;19;30;12094
CM;19;31;14295
CM;19;32;15134
CM;19;33;13864
CM;19;34;13702
CM;19;35;14165
CM;19;36;14961
CM;19;37;14720
CM;19;38;15448
CM;19;39;15585
CM;19;40;17629
CM;19;41;21336
CM;19;42;17112
CM;19;43;17695
CM;19;44;17853
CM;19;45;18173
CM;19;46;18374
CM;19;47;21801
CM;19;48;20727
CM;19;49;20218
CM;19;50;20073
CM;19;51;20669
CM;19;52;21568
CM;19;53;24646
CM;19;54;22547
CM;19;55;22282
CM;19;56;22446
CM;19;57;22752
CM;19;58;23396
CM;19;59;29732
CM;19;60;24277
CM;19;61;24540
CM;19;62;24949
CM;19;63;26674
CM;19;64;28335
CM;19;65;27073
CM;19;66;26708
CM;19;67;26989
CM;19;68;30131
CM;19;69;28499
CM;19;70;28393
CM;19;71;28359
CM;19;72;31994
CM;19;73;34146
CM;19;74;29988
CM;19;75;30116
CM;20;1;458
CM;20;2;839
CM;20;3;1240
CM;20;4;1701
CM;20;5;2229
CM;20;6;2516
CM;20;7;2881
CM;20;8;3324
CM;20;9;3837
CM;20;10;4374
CM;20;11;4762
CM;20;12;5332
CM;20;13;6205
CM;20;14;8124
CM;20;15;6597
CM;20;16;7192
CM;20;17;7407
CM;20;18;7798
CM;20;19;8141
CM;20;20;8551
CM;20;21;9041
CM;20;22;9508
CM;20;23;9718
CM;20;24;10092
CM;20;25;10657
CM;20;26;10990
CM;20;27;12195
CM;20;28;13603
CM;20;29;12464
CM;20;30;12720
CM;20;31;13105
CM;20;32;13521
CM;20;33;13861
CM;20;34;14564
CM;20;35;14705
CM;20;36;17750
CM;20;37;18084
CM;20;38;16372
CM;20;39;16754
CM;20;40;17276
CM;20;41;17657
CM;20;42;17921
CM;20;43;20259
CM;20;44;28729
CM;20;45;19847
CM;20;46;19326
CM;20;47;20013
CM;20;48;20151
CM;20;49;22226
CM;20;50;23101
CM;20;51;22138
CM;20;52;21992
CM;20;53;22514
CM;20;54;22687
CM;20;55;25210
CM;20;56;24817
CM;20;57;24096
CM;20;58;24514
CM;20;59;25346
CM;20;60;29150
CM;20;61;26658
CM;20;62;25953
CM;20;63;26689
CM;20;64;26979
CM;20;65;30013
CM;20;66;28082
CM;20;67;28531
CM;20;68;29226
CM;20;69;34629
CM;20;70;30218
CM;20;71;30285
CM;20;72;31337
CM;20;73;37931
CM;20;74;32020
CM;20;75;32061
CM;21;1;502
CM;21;2;959
CM;21;3;1293
CM;21;4;1752
CM;21;5;2217
CM;21;6;2694
CM;21;7;4127
CM;21;8;3627
CM;21;9;4010
CM;21;10;4443
CM;21;11;4813
CM;21;12;5220
CM;21;13;5905
CM;21;14;6277
CM;21;15;8532
CM;21;16;7168
CM;21;17;7545
CM;21;18;8217
CM;21;19;8821
CM;21;20;8831
CM;21;21;9411
CM;21;22;9872
CM;21;23;10188
CM;21;24;10661
CM;21;25;11078
CM;21;26;11569
CM;21;27;15489
CM;21;28;14490
CM;21;29;12975
CM;21;30;13441
CM;21;31;13972
CM;21;32;14143
CM;21;33;14904
CM;21;34;14943
CM;21;35;15703
CM;21;36;20337
CM;21;37;20702
CM;21;38;17669
CM;21;39;17702
CM;21;40;17564
CM;21;41;18598
CM;21;42;19891
CM;21;43;22827
CM;21;44;21808
CM;21;45;22482
CM;21;46;20771
CM;21;47;21150
CM;21;48;25733
CM;21;49;26465
CM;21;50;22816
CM;21;51;22583
CM;21;52;23128
CM;21;53;24395
CM;21;54;26322
CM;21;55;24732
CM;21;56;25267
CM;21;57;25254
CM;21;58;27207
CM;21;59;26521
CM;21;60;26983
CM;21;61;27444
CM;21;62;27614
CM;21;63;33614
CM;21;64;29138
CM;21;65;29208
CM;21;66;29143
CM;21;67;36371
CM;21;68;30907
CM;21;69;32682
CM;21;70;31159
CM;21;71;41394
CM;21;72;32294
CM;21;73;32841
CM;21;74;32919
CM;21;75;39929
CM;22;1;518
CM;22;2;983
CM;22;3;1514
CM;22;4;1820
CM;22;5;2267
CM;22;6;2858
CM;22;7;3525
CM;22;8;3648
CM;22;9;4173
CM;22;10;4954
CM;22;11;5084
CM;22;12;5537
CM;22;13;6308
CM;22;14;6494
CM;22;15;7115
CM;22;16;7408
CM;22;17;7782
CM;22;18;8286
CM;22;19;8710
CM;22;20;10642
CM;22;21;14201
CM;22;22;10515
CM;22;23;10976
CM;22;24;11380
CM;22;25;11526
CM;22;26;12361
CM;22;27;12562
CM;22;28;13158
CM;22;29;13389
CM;22;30;13814
CM;22;31;18575
CM;22;32;16631
CM;22;33;15932
CM;22;34;15866
CM;22;35;16246
CM;22;36;16573
CM;22;37;17046
CM;22;38;20752
CM;22;39;19628
CM;22;40;18791
CM;22;41;19419
CM;22;42;20474
CM;22;43;19798
CM;22;44;21289
CM;22;45;22401
CM;22;46;21816
CM;22;47;21884
CM;22;48;22041
CM;22;49;22848
CM;22;50;30400
CM;22;51;24916
CM;22;52;24105
CM;22;53;24497
CM;22;54;25042
CM;22;55;33528
CM;22;56;26651
CM;22;57;26667
CM;22;58;26877
CM;22;59;27410
CM;22;60;38970
CM;22;61;28725
CM;22;62;28829
CM;22;63;29365
CM;22;64;35655
CM;22;65;31562
CM;22;66;30629
CM;22;67;32022
CM;22;68;32529
CM;22;69;33244
CM;22;70;34251
CM;22;71;38927
CM;22;72;33877
CM;22;73;33889
CM;22;74;34559
CM;22;75;39708
CM;23;1;458
CM;23;2;1002
CM;23;3;1451
CM;23;4;2165
CM;23;5;2393
CM;23;6;2922
CM;23;7;3357
CM;23;8;4016
CM;23;9;4423
CM;23;10;5080
CM;23;11;5259
CM;23;12;6009
CM;23;13;6376
CM;23;14;6639
CM;23;15;7335
CM;23;16;7677
CM;23;17;8312
CM;23;18;8597
CM;23;19;9324
CM;23;20;11549
CM;23;21;10917
CM;23;22;10929
CM;23;23;11467
CM;23;24;11805
CM;23;25;12074
CM;23;26;12513
CM;23;27;13036
CM;23;28;13390
CM;23;29;14032
CM;23;30;16284
CM;23;31;17268
CM;23;32;16212
CM;23;33;16997
CM;23;34;16485
CM;23;35;16927
CM;23;36;18050
CM;23;37;18422
CM;23;38;23892
CM;23;39;19333
CM;23;40;19955
CM;23;41;20083
CM;23;42;20535
CM;23;43;20669
CM;23;44;28518
CM;23;45;22511
CM;23;46;22473
CM;23;47;22684
CM;23;48;23242
CM;23;49;25434
CM;23;50;25042
CM;23;51;24815
CM;23;52;25433
CM;23;53;25898
CM;23;54;30918
CM;23;55;27090
CM;23;56;27486
CM;23;57;27667
CM;23;58;29916
CM;23;59;32372
CM;23;60;29886
CM;23;61;30343
CM;23;62;30551
CM;23;63;32482
CM;23;64;31135
CM;23;65;31774
CM;23;66;33647
CM;23;67;33689
CM;23;68;35461
CM;23;69;33502
CM;23;70;40238
CM;23;71;34541
CM;23;72;35532
CM;23;73;37757
CM;23;74;42131
CM;23;75;36680
CM;24;1;547
CM;24;2;1009
CM;24;3;1482
CM;24;4;2009
CM;24;5;2600
CM;24;6;3164
CM;24;7;3467
CM;24;8;4307
CM;24;9;4474
CM;24;10;5137
CM;24;11;5525
CM;24;12;6843
CM;24;13;6496
CM;24;14;10710
CM;24;15;9828
CM;24;16;8496
CM;24;17;11488
CM;24;18;9580
CM;24;19;9662
CM;24;20;10657
CM;24;21;10648
CM;24;22;11094
CM;24;23;11574
CM;24;24;12138
CM;24;25;16854
CM;24;26;13987
CM;24;27;15469
CM;24;28;14744
CM;24;29;14698
CM;24;30;15120
CM;24;31;15698
CM;24;32;16123
CM;24;33;22731
CM;24;34;18123
CM;24;35;17892
CM;24;36;18387
CM;24;37;18634
CM;24;38;19141
CM;24;39;21511
CM;24;40;21474
CM;24;41;21524
CM;24;42;21248
CM;24;43;21814
CM;24;44;22369
CM;24;45;27913
CM;24;46;24805
CM;24;47;23788
CM;24;48;24190
CM;24;49;24693
CM;24;50;28469
CM;24;51;27941
CM;24;52;26458
CM;24;53;27136
CM;24;54;27451
CM;24;55;36823
CM;24;56;30804
CM;24;57;29477
CM;24;58;45937
CM;24;59;32268
CM;24;60;31005
CM;24;61;30925
CM;24;62;32886
CM;24;63;33303
CM;24;64;32376
CM;24;65;33013
CM;24;66;37710
CM;24;67;34375
CM;24;68;34672
CM;24;69;34887
CM;24;70;43209
CM;24;71;37061
CM;24;72;36243
CM;24;73;42999
CM;24;74;38286
CM;24;75;37997
CM;25;1;686
CM;25;2;1040
CM;25;3;1530
CM;25;4;2203
CM;25;5;2915
CM;25;6;3151
CM;25;7;3816
CM;25;8;4148
CM;25;9;4817
CM;25;10;6430
CM;25;11;7338
CM;25;12;6889
CM;25;13;7091
CM;25;14;8065
CM;25;15;8266
CM;25;16;8758
CM;25;17;8884
CM;25;18;9515
CM;25;19;10039
CM;25;20;10437
CM;25;21;11150
CM;25;22;11528
CM;25;23;11977
CM;25;24;16055
CM;25;25;17338
CM;25;26;14883
CM;25;27;14297
CM;25;28;14704
CM;25;29;15175
CM;25;30;15913
CM;25;31;16391
CM;25;32;18855
CM;25;33;18132
CM;25;34;18531
CM;25;35;18567
CM;25;36;19096
CM;25;37;19751
CM;25;38;23282
CM;25;39;20782
CM;25;40;21250
CM;25;41;21500
CM;25;42;21938
CM;25;43;22630
CM;25;44;25803
CM;25;45;24982
CM;25;46;26306
CM;25;47;24965
CM;25;48;25398
CM;25;49;27825
CM;25;50;27699
CM;25;51;27036
CM;25;52;27829
CM;25;53;28372
CM;25;54;34168
CM;25;55;30262
CM;25;56;29264
CM;25;57;30021
CM;25;58;34032
CM;25;59;32320
CM;25;60;32149
CM;25;61;32748
CM;25;62;42817
CM;25;63;34079
CM;25;64;33725
CM;25;65;40532
CM;25;66;36461
CM;25;67;35434
CM;25;68;36088
CM;25;69;38361
CM;25;70;37342
CM;25;71;37989
CM;25;72;46321
CM;25;73;38953
CM;25;74;38730
CM;25;75;44398
CM;26;1;578
CM;26;2;1551
CM;26;3;1678
CM;26;4;2248
CM;26;5;2881
CM;26;6;3653
CM;26;7;3841
CM;26;8;4404
CM;26;9;5289
CM;26;10;5525
CM;26;11;6018
CM;26;12;6796
CM;26;13;7473
CM;26;14;7634
CM;26;15;8180
CM;26;16;8669
CM;26;17;9431
CM;26;18;9796
CM;26;19;12114
CM;26;20;12444
CM;26;21;12087
CM;26;22;12464
CM;26;23;12830
CM;26;24;13341
CM;26;25;13637
CM;26;26;14106
CM;26;27;14872
CM;26;28;15291
CM;26;29;20523
CM;26;30;17105
CM;26;31;17050
CM;26;32;17819
CM;26;33;17971
CM;26;34;18709
CM;26;35;19779
CM;26;36;26904
CM;26;37;22426
CM;26;38;21040
CM;26;39;22028
CM;26;40;21928
CM;26;41;28527
CM;26;42;27227
CM;26;43;23856
CM;26;44;24141
CM;26;45;25002
CM;26;46;34399
CM;26;47;26564
CM;26;48;26266
CM;26;49;27019
CM;26;50;27633
CM;26;51;36943
CM;26;52;30209
CM;26;53;29324
CM;26;54;29680
CM;26;55;35330
CM;26;56;31274
CM;26;57;31338
CM;26;58;33617
CM;26;59;33021
CM;26;60;33234
CM;26;61;34000
CM;26;62;37056
CM;26;63;34866
CM;26;64;35332
CM;26;65;36002
CM;26;66;41993
CM;26;67;37162
CM;26;68;37664
CM;26;69;50629
CM;26;70;40305
CM;26;71;39104
CM;26;72;43399
CM;26;73;40416
CM;26;74;40740
CM;26;75;46718
CM;27;1;783
CM;27;2;1211
CM;27;3;1701
CM;27;4;2615
CM;27;5;2823
CM;27;6;3969
CM;27;7;4104
CM;27;8;4752
CM;27;9;5239
CM;27;10;5866
CM;27;11;6598
CM;27;12;7007
CM;27;13;7731
CM;27;14;7888
CM;27;15;8738
CM;27;16;9065
CM;27;17;9556
CM;27;18;11729
CM;27;19;12029
CM;27;20;11896
CM;27;21;12311
CM;27;22;12640
CM;27;23;13441
CM;27;24;13606
CM;27;25;14154
CM;27;26;15263
CM;27;27;15293
CM;27;28;20966
CM;27;29;17972
CM;27;30;17517
CM;27;31;18089
CM;27;32;18321
CM;27;33;18771
CM;27;34;21217
CM;27;35;21854
CM;27;36;20894
CM;27;37;21579
CM;27;38;21749
CM;27;39;21940
CM;27;40;24413
CM;27;41;24529
CM;27;42;24025
CM;27;43;24896
CM;27;44;25134
CM;27;45;34785
CM;27;46;26615
CM;27;47;26918
CM;27;48;27231
CM;27;49;29130
CM;27;50;37851
CM;27;51;29377
CM;27;52;29623
CM;27;53;30316
CM;27;54;32544
CM;27;55;31759
CM;27;56;31962
CM;27;57;34340
CM;27;58;34072
CM;27;59;34774
CM;27;60;35033
CM;27;61;44539
CM;27;62;36132
CM;27;63;35976
CM;27;64;38206
CM;27;65;37465
CM;27;66;38323
CM;27;67;38052
CM;27;68;41369
CM;27;69;39391
CM;27;70;39697
CM;27;71;51420
CM;27;72;41828
CM;27;73;42056
CM;27;74;65938
CM;27;75;42991
CM;28;1;639
CM;28;2;1197
CM;28;3;1760
CM;28;4;2421
CM;28;5;3279
CM;28;6;3503
CM;28;7;4622
CM;28;8;6223
CM;28;9;5768
CM;28;10;7703
CM;28;11;7538
CM;28;12;7751
CM;28;13;8119
CM;28;14;9046
CM;28;15;9079
CM;28;16;9352
CM;28;17;10114
CM;28;18;10545
CM;28;19;11388
CM;28;20;11818
CM;28;21;12311
CM;28;22;12963
CM;28;23;15710
CM;28;24;14734
CM;28;25;15443
CM;28;26;15649
CM;28;27;15852
CM;28;28;16569
CM;28;29;17204
CM;28;30;17979
CM;28;31;21604
CM;28;32;19503
CM;28;33;19952
CM;28;34;20526
CM;28;35;20884
CM;28;36;21218
CM;28;37;23002
CM;28;38;23036
CM;28;39;23495
CM;28;40;23464
CM;28;41;24270
CM;28;42;29163
CM;28;43;26492
CM;28;44;26233
CM;28;45;26423
CM;28;46;27166
CM;28;47;30709
CM;28;48;28245
CM;28;49;29271
CM;28;50;29305
CM;28;51;38939
CM;28;52;30754
CM;28;53;31429
CM;28;54;31979
CM;28;55;41796
CM;28;56;33307
CM;28;57;34155
CM;28;58;37684
CM;28;59;36731
CM;28;60;35331
CM;28;61;35943
CM;28;62;45070
CM;28;63;37869
CM;28;64;37972
CM;28;65;48347
CM;28;66;40184
CM;28;67;39670
CM;28;68;47130
CM;28;69;41839
CM;28;70;41321
CM;28;71;49900
CM;28;72;43357
CM;28;73;43462
CM;28;74;62785
CM;28;75;44983
CM;29;1;685
CM;29;2;1672
CM;29;3;1863
CM;29;4;2673
CM;29;5;3026
CM;29;6;4462
CM;29;7;4392
CM;29;8;5292
CM;29;9;5442
CM;29;10;6637
CM;29;11;6694
CM;29;12;11514
CM;29;13;8124
CM;29;14;8619
CM;29;15;9566
CM;29;16;9636
CM;29;17;10383
CM;29;18;11312
CM;29;19;11566
CM;29;20;13759
CM;29;21;12864
CM;29;22;15934
CM;29;23;15247
CM;29;24;15397
CM;29;25;15679
CM;29;26;15987
CM;29;27;16575
CM;29;28;17308
CM;29;29;17709
CM;29;30;22236
CM;29;31;20297
CM;29;32;19902
CM;29;33;20525
CM;29;34;20736
CM;29;35;21401
CM;29;36;27631
CM;29;37;23157
CM;29;38;23362
CM;29;39;23976
CM;29;40;24296
CM;29;41;29226
CM;29;42;26064
CM;29;43;27082
CM;29;44;27218
CM;29;45;27429
CM;29;46;31567
CM;29;47;29229
CM;29;48;29236
CM;29;49;29925
CM;29;50;37290
CM;29;51;32225
CM;29;52;31832
CM;29;53;33090
CM;29;54;39674
CM;29;55;33729
CM;29;56;34263
CM;29;57;40590
CM;29;58;42428
CM;29;59;36179
CM;29;60;38506
CM;29;61;39332
CM;29;62;38301
CM;29;63;38630
CM;29;64;42000
CM;29;65;40145
CM;29;66;43896
CM;29;67;45179
CM;29;68;41752
CM;29;69;43284
CM;29;70;43821
CM;29;71;43542
CM;29;72;47077
CM;29;73;45409
CM;29;74;45177
CM;29;75;51915
CM;30;1;884
CM;30;2;1562
CM;30;3;1995
CM;30;4;2479
CM;30;5;3444
CM;30;6;3837
CM;30;7;4692
CM;30;8;5576
CM;30;9;5756
CM;30;10;6266
CM;30;11;6862
CM;30;12;7562
CM;30;13;8379
CM;30;14;8767
CM;30;15;9413
CM;30;16;10013
CM;30;17;10607
CM;30;18;13292
CM;30;19;14805
CM;30;20;18582
CM;30;21;13590
CM;30;22;14065
CM;30;23;14721
CM;30;24;15185
CM;30;25;15914
CM;30;26;19299
CM;30;27;19641
CM;30;28;18101
CM;30;29;18791
CM;30;30;18881
CM;30;31;19637
CM;30;32;20113
CM;30;33;24322
CM;30;34;21835
CM;30;35;22243
CM;30;36;22853
CM;30;37;23590
CM;30;38;25770
CM;30;39;25652
CM;30;40;25803
CM;30;41;26058
CM;30;42;27696
CM;30;43;32259
CM;30;44;28708
CM;30;45;28713
CM;30;46;29646
CM;30;47;31787
CM;30;48;31724
CM;30;49;31133
CM;30;50;32387
CM;30;51;37831
CM;30;52;33977
CM;30;53;33489
CM;30;54;33795
CM;30;55;40307
CM;30;56;36088
CM;30;57;39971
CM;30;58;43516
CM;30;59;38175
CM;30;60;37961
CM;30;61;43746
CM;30;62;39873
CM;30;63;40608
CM;30;64;48144
CM;30;65;46328
CM;30;66;41863
CM;30;67;49038
CM;30;68;44928
CM;30;69;43556
CM;30;70;50062
CM;30;71;45049
CM;30;72;47529
CM;30;73;47258
CM;30;74;46862
CM;30;75;55828
CM;31;1;693
CM;31;2;2100
CM;31;3;3280
CM;31;4;2575
CM;31;5;3402
CM;31;6;3996
CM;31;7;4541
CM;31;8;5332
CM;31;9;5925
CM;31;10;6672
CM;31;11;7228
CM;31;12;7773
CM;31;13;8555
CM;31;14;9170
CM;31;15;9778
CM;31;16;13066
CM;31;17;12732
CM;31;18;12722
CM;31;19;13416
CM;31;20;17389
CM;31;21;14397
CM;31;22;14497
CM;31;23;15170
CM;31;24;16032
CM;31;25;16336
CM;31;26;18410
CM;31;27;20231
CM;31;28;18294
CM;31;29;19056
CM;31;30;19489
CM;31;31;20297
CM;31;32;23184
CM;31;33;25815
CM;31;34;22920
CM;31;35;22971
CM;31;36;33736
CM;31;37;25719
CM;31;38;26945
CM;31;39;25716
CM;31;40;26371
CM;31;41;26792
CM;31;42;34559
CM;31;43;28659
CM;31;44;28779
CM;31;45;29524
CM;31;46;32384
CM;31;47;34875
CM;31;48;32149
CM;31;49;31877
CM;31;50;37516
CM;31;51;42800
CM;31;52;33865
CM;31;53;34706
CM;31;54;37672
CM;31;55;36508
CM;31;56;36575
CM;31;57;41360
CM;31;58;38725
CM;31;59;38698
CM;31;60;46170
CM;31;61;40069
CM;31;62;40586
CM;31;63;49813
CM;31;64;42690
CM;31;65;43413
CM;31;66;48736
CM;31;67;43995
CM;31;68;44373
CM;31;69;47929
CM;31;70;45680
CM;31;71;49949
CM;31;72;48645
CM;31;73;47735
CM;31;74;70132
CM;31;75;49166
CM;32;1;712
CM;32;2;1314
CM;32;3;2037
CM;32;4;3134
CM;32;5;3371
CM;32;6;4187
CM;32;7;4886
CM;32;8;5439
CM;32;9;7043
CM;32;10;6769
CM;32;11;9559
CM;32;12;10484
CM;32;13;9271
CM;32;14;9646
CM;32;15;10383
CM;32;16;10772
CM;32;17;11599
CM;32;18;12645
CM;32;19;13116
CM;32;20;13416
CM;32;21;15792
CM;32;22;15748
CM;32;23;15945
CM;32;24;16286
CM;32;25;16989
CM;32;26;17676
CM;32;27;18343
CM;32;28;21275
CM;32;29;23656
CM;32;30;20721
CM;32;31;20904
CM;32;32;21733
CM;32;33;22183
CM;32;34;24936
CM;32;35;24630
CM;32;36;24696
CM;32;37;25386
CM;32;38;26124
CM;32;39;32915
CM;32;40;28251
CM;32;41;27826
CM;32;42;28437
CM;32;43;30860
CM;32;44;32955
CM;32;45;31119
CM;32;46;31094
CM;32;47;33467
CM;32;48;40685
CM;32;49;33302
CM;32;50;33929
CM;32;51;54278
CM;32;52;36048
CM;32;53;40563
CM;32;54;48545
CM;32;55;48565
CM;32;56;56367
CM;32;57;42969
CM;32;58;39488
CM;32;59;50229
CM;32;60;47410
CM;32;61;42811
CM;32;62;55043
CM;32;63;50778
CM;32;64;51094
CM;32;65;56076
CM;32;66;44892
CM;32;67;62889
CM;32;68;50739
CM;32;69;58167
CM;32;70;56951
CM;32;71;56800
CM;32;72;57439
CM;32;73;63218
CM;32;74;63699
CM;32;75;70556
CM;33;1;802
CM;33;2;3022
CM;33;3;3341
CM;33;4;3103
CM;33;5;4716
CM;33;6;6393
CM;33;7;6796
CM;33;8;8079
CM;33;9;10178
CM;33;10;7061
CM;33;11;7737
CM;33;12;8710
CM;33;13;8989
CM;33;14;11778
CM;33;15;12707
CM;33;16;12311
CM;33;17;15426
CM;33;18;16896
CM;33;19;15393
CM;33;20;14228
CM;33;21;14873
CM;33;22;24512
CM;33;23;19517
CM;33;24;22781
CM;33;25;24827
CM;33;26;19645
CM;33;27;27255
CM;33;28;30800
CM;33;29;33540
CM;33;30;23284
CM;33;31;26243
CM;33;32;35375
CM;33;33;22954
CM;33;34;40236
CM;33;35;31635
CM;33;36;34407
CM;33;37;40813
CM;33;38;33088
CM;33;39;30768
CM;33;40;32482
CM;33;41;31576
CM;33;42;33839
CM;33;43;38873
CM;33;44;38027
CM;33;45;38369
CM;33;46;33969
CM;33;47;50617
CM;33;48;36001
CM;33;49;41270
CM;33;50;39491
CM;33;51;36435
CM;33;52;68469
CM;33;53;67948
CM;33;54;68658
CM;33;55;66751
CM;33;56;60409
CM;33;57;54047
CM;33;58;41410
CM;33;59;50041
CM;33;60;59437
CM;33;61;50164
CM;33;62;58787
CM;33;63;56237
CM;33;64;55467
CM;33;65;45435
CM;33;66;62893
CM;33;67;57899
CM;33;68;56084
CM;33;69;55998
CM;33;70;59075
CM;33;71;63265
CM;33;72;52906
CM;33;73;58854
CM;33;74;53068
CM;33;75;70373
CM;34;1;719
CM;34;2;1414
CM;34;3;2132
CM;34;4;3297
CM;34;5;3551
CM;34;6;4411
CM;34;7;5041
CM;34;8;9178
CM;34;9;10281
CM;34;10;10703
CM;34;11;10873
CM;34;12;13731
CM;34;13;13541
CM;34;14;10225
CM;34;15;12992
CM;34;16;11590
CM;34;17;13852
CM;34;18;12993
CM;34;19;14604
CM;34;20;16805
CM;34;21;22527
CM;34;22;16083
CM;34;23;16812
CM;34;24;19432
CM;34;25;20415
CM;34;26;18804
CM;34;27;29714
CM;34;28;27029
CM;34;29;21086
CM;34;30;23888
CM;34;31;22502
CM;34;32;31183
CM;34;33;28145
CM;34;34;25901
CM;34;35;37761
CM;34;36;36172
CM;34;37;29902
CM;34;38;28354
CM;34;39;29033
CM;34;40;40880
CM;34;41;34326
CM;34;42;42880
CM;34;43;51389
CM;34;44;50822
CM;34;45;33776
CM;34;46;43807
CM;34;47;41395
CM;34;48;37507
CM;34;49;48003
CM;34;50;40222
CM;34;51;49559
CM;34;52;51444
CM;34;53;51086
CM;34;54;54295
CM;34;55;45463
CM;34;56;40560
CM;34;57;47932
CM;34;58;42293
CM;34;59;42538
CM;34;60;47345
CM;34;61;44924
CM;34;62;44678
CM;34;63;53139
CM;34;64;46063
CM;34;65;48031
CM;34;66;48353
CM;34;67;48525
CM;34;68;53691
CM;34;69;49967
CM;34;70;56506
CM;34;71;52453
CM;34;72;51671
CM;34;73;54976
CM;34;74;53365
CM;34;75;61293
CM;35;1;781
CM;35;2;1442
CM;35;3;2202
CM;35;4;2904
CM;35;5;4216
CM;35;6;4364
CM;35;7;5431
CM;35;8;6090
CM;35;9;6945
CM;35;10;7332
CM;35;11;8148
CM;35;12;8799
CM;35;13;9749
CM;35;14;10224
CM;35;15;10967
CM;35;16;11797
CM;35;17;13680
CM;35;18;13811
CM;35;19;15095
CM;35;20;14741
CM;35;21;15496
CM;35;22;16034
CM;35;23;17352
CM;35;24;20771
CM;35;25;20188
CM;35;26;23679
CM;35;27;20247
CM;35;28;20954
CM;35;29;21412
CM;35;30;22746
CM;35;31;28626
CM;35;32;23831
CM;35;33;24427
CM;35;34;25039
CM;35;35;28640
CM;35;36;29379
CM;35;37;27397
CM;35;38;28765
CM;35;39;30081
CM;35;40;33256
CM;35;41;30675
CM;35;42;31251
CM;35;43;32210
CM;35;44;37212
CM;35;45;33246
CM;35;46;34161
CM;35;47;38181
CM;35;48;36467
CM;35;49;36349
CM;35;50;36806
CM;35;51;43643
CM;35;52;38749
CM;35;53;39119
CM;35;54;55661
CM;35;55;40553
CM;35;56;44017
CM;35;57;48139
CM;35;58;43211
CM;35;59;47122
CM;35;60;44367
CM;35;61;45964
CM;35;62;53116
CM;35;63;47455
CM;35;64;47199
CM;35;65;49450
CM;35;66;48692
CM;35;67;60567
CM;35;68;51817
CM;35;69;57773
CM;35;70;52570
CM;35;71;54199
CM;35;72;56734
CM;35;73;53808
CM;35;74;63431
CM;35;75;55939
CM;36;1;933
CM;36;2;1557
CM;36;3;2273
CM;36;4;3038
CM;36;5;4279
CM;36;6;4666
CM;36;7;7483
CM;36;8;6077
CM;36;9;9449
CM;36;10;8030
CM;36;11;8631
CM;36;12;9523
CM;36;13;10267
CM;36;14;10592
CM;36;15;11461
CM;36;16;11986
CM;36;17;12797
CM;36;18;13755
CM;36;19;17931
CM;36;20;15660
CM;36;21;16252
CM;36;22;16561
CM;36;23;17595
CM;36;24;18301
CM;36;25;19127
CM;36;26;22856
CM;36;27;20887
CM;36;28;21279
CM;36;29;22125
CM;36;30;22995
CM;36;31;23789
CM;36;32;30181
CM;36;33;26194
CM;36;34;25942
CM;36;35;26582
CM;36;36;27002
CM;36;37;30491
CM;36;38;29041
CM;36;39;29478
CM;36;40;30774
CM;36;41;33323
CM;36;42;32270
CM;36;43;32774
CM;36;44;33744
CM;36;45;45343
CM;36;46;35386
CM;36;47;35594
CM;36;48;47347
CM;36;49;37826
CM;36;50;37998
CM;36;51;44612
CM;36;52;40646
CM;36;53;40258
CM;36;54;46868
CM;36;55;42299
CM;36;56;42637
CM;36;57;48469
CM;36;58;44378
CM;36;59;44725
CM;36;60;46714
CM;36;61;46418
CM;36;62;49898
CM;36;63;51479
CM;36;64;48772
CM;36;65;56050
CM;36;66;50245
CM;36;67;57805
CM;36;68;52121
CM;36;69;71681
CM;36;70;54266
CM;36;71;54032
CM;36;72;61338
CM;36;73;55744
CM;36;74;63004
CM;36;75;56658
CM;37;1;759
CM;37;2;1569
CM;37;3;2788
CM;37;4;3082
CM;37;5;3936
CM;37;6;5130
CM;37;7;5713
CM;37;8;8236
CM;37;9;10974
CM;37;10;7926
CM;37;11;9289
CM;37;12;9755
CM;37;13;10362
CM;37;14;10945
CM;37;15;11826
CM;37;16;12597
CM;37;17;14388
CM;37;18;14084
CM;37;19;16695
CM;37;20;17425
CM;37;21;16883
CM;37;22;18577
CM;37;23;18039
CM;37;24;18413
CM;37;25;19719
CM;37;26;26840
CM;37;27;26272
CM;37;28;25226
CM;37;29;24760
CM;37;30;24254
CM;37;31;26460
CM;37;32;29683
CM;37;33;25890
CM;37;34;26349
CM;37;35;27161
CM;37;36;36049
CM;37;37;30115
CM;37;38;30091
CM;37;39;30349
CM;37;40;37358
CM;37;41;32718
CM;37;42;34060
CM;37;43;33585
CM;37;44;37498
CM;37;45;36195
CM;37;46;36411
CM;37;47;40344
CM;37;48;38205
CM;37;49;38921
CM;37;50;44706
CM;37;51;43739
CM;37;52;44073
CM;37;53;50821
CM;37;54;43520
CM;37;55;42925
CM;37;56;63582
CM;37;57;44948
CM;37;58;47146
CM;37;59;57026
CM;37;60;47010
CM;37;61;52346
CM;37;62;48748
CM;37;63;51755
CM;37;64;51839
CM;37;65;50734
CM;37;66;55533
CM;37;67;52323
CM;37;68;60891
CM;37;69;54564
CM;37;70;57321
CM;37;71;56293
CM;37;72;56747
CM;37;73;57676
CM;37;74;57521
CM;37;75;70274
CM;38;1;843
CM;38;2;1725
CM;38;3;2422
CM;38;4;3518
CM;38;5;4443
CM;38;6;4998
CM;38;7;5847
CM;38;8;6640
CM;38;9;7217
CM;38;10;8217
CM;38;11;8844
CM;38;12;9708
CM;38;13;12317
CM;38;14;15052
CM;38;15;14508
CM;38;16;13312
CM;38;17;13707
CM;38;18;14401
CM;38;19;15484
CM;38;20;16262
CM;38;21;17030
CM;38;22;24501
CM;38;23;18952
CM;38;24;19659
CM;38;25;20338
CM;38;26;20845
CM;38;27;21605
CM;38;28;26084
CM;38;29;23923
CM;38;30;25669
CM;38;31;24984
CM;38;32;25817
CM;38;33;28188
CM;38;34;27695
CM;38;35;28324
CM;38;36;28735
CM;38;37;33124
CM;38;38;31456
CM;38;39;32888
CM;38;40;32070
CM;38;41;36539
CM;38;42;34554
CM;38;43;34367
CM;38;44;35355
CM;38;45;44472
CM;38;46;37203
CM;38;47;37593
CM;38;48;48035
CM;38;49;40113
CM;38;50;40224
CM;38;51;43665
CM;38;52;41829
CM;38;53;42953
CM;38;54;46028
CM;38;55;44591
CM;38;56;52506
CM;38;57;48733
CM;38;58;46973
CM;38;59;53544
CM;38;60;48777
CM;38;61;51066
CM;38;62;51507
CM;38;63;51101
CM;38;64;55372
CM;38;65;52680
CM;38;66;55880
CM;38;67;55046
CM;38;68;54597
CM;38;69;61282
CM;38;70;57182
CM;38;71;67436
CM;38;72;57944
CM;38;73;67021
CM;38;74;60494
CM;38;75;68949
CM;39;1;814
CM;39;2;1655
CM;39;3;2479
CM;39;4;3366
CM;39;5;4074
CM;39;6;5523
CM;39;7;5792
CM;39;8;6732
CM;39;9;7580
CM;39;10;8232
CM;39;11;9107
CM;39;12;9774
CM;39;13;10533
CM;39;14;11585
CM;39;15;14380
CM;39;16;14462
CM;39;17;16098
CM;39;18;15497
CM;39;19;16045
CM;39;20;16347
CM;39;21;17338
CM;39;22;21228
CM;39;23;21249
CM;39;24;23090
CM;39;25;21525
CM;39;26;21601
CM;39;27;22413
CM;39;28;36351
CM;39;29;38133
CM;39;30;24627
CM;39;31;25681
CM;39;32;36210
CM;39;33;28195
CM;39;34;28335
CM;39;35;28732
CM;39;36;31538
CM;39;37;31486
CM;39;38;31487
CM;39;39;31971
CM;39;40;36279
CM;39;41;35943
CM;39;42;35125
CM;39;43;35931
CM;39;44;41684
CM;39;45;37142
CM;39;46;38683
CM;39;47;46096
CM;39;48;39999
CM;39;49;40356
CM;39;50;45141
CM;39;51;42582
CM;39;52;43208
CM;39;53;50718
CM;39;54;44609
CM;39;55;45629
CM;39;56;54162
CM;39;57;47782
CM;39;58;49911
CM;39;59;49333
CM;39;60;49539
CM;39;61;56516
CM;39;62;51391
CM;39;63;55463
CM;39;64;53507
CM;39;65;54423
CM;39;66;55653
CM;39;67;55368
CM;39;68;59981
CM;39;69;58126
CM;39;70;67378
CM;39;71;60284
CM;39;72;70906
CM;39;73;61696
CM;39;74;67548
CM;39;75;61987
CM;40;1;1044
CM;40;2;1882
CM;40;3;2807
CM;40;4;3389
CM;40;5;4826
CM;40;6;5115
CM;40;7;6273
CM;40;8;9276
CM;40;9;7534
CM;40;10;9042
CM;40;11;9357
CM;40;12;10066
CM;40;13;11214
CM;40;14;11784
CM;40;15;12769
CM;40;16;13474
CM;40;17;14326
CM;40;18;15016
CM;40;19;17824
CM;40;20;17824
CM;40;21;18194
CM;40;22;19774
CM;40;23;19834
CM;40;24;20273
CM;40;25;22046
CM;40;26;28014
CM;40;27;23169
CM;40;28;24684
CM;40;29;24974
CM;40;30;25829
CM;40;31;32294
CM;40;32;27616
CM;40;33;28319
CM;40;34;29000
CM;40;35;35883
CM;40;36;31101
CM;40;37;31637
CM;40;38;31984
CM;40;39;55587
CM;40;40;34119
CM;40;41;34610
CM;40;42;47031
CM;40;43;39719
CM;40;44;37343
CM;40;45;42948
CM;40;46;40656
CM;40;47;40029
CM;40;48;44927
CM;40;49;42090
CM;40;50;43678
CM;40;51;46831
CM;40;52;44514
CM;40;53;45017
CM;40;54;52413
CM;40;55;47424
CM;40;56;51477
CM;40;57;55418
CM;40;58;49989
CM;40;59;67283
CM;40;60;51719
CM;40;61;61671
CM;40;62;54044
CM;40;63;59827
CM;40;64;54159
CM;40;65;56700
CM;40;66;57574
CM;40;67;56638
CM;40;68;60648
CM;40;69;58441
CM;40;70;65860
CM;40;71;60188
CM;40;72;65545
CM;40;73;61436
CM;40;74;65311
CM;40;75;63248
CM;41;1;911
CM;41;2;1790
CM;41;3;2936
CM;41;4;3801
CM;41;5;4942
CM;41;6;8212
CM;41;7;6273
CM;41;8;10852
CM;41;9;7979
CM;41;10;14117
CM;41;11;9583
CM;41;12;10688
CM;41;13;11481
CM;41;14;12053
CM;41;15;12874
CM;41;16;13823
CM;41;17;16558
CM;41;18;18336
CM;41;19;17824
CM;41;20;17460
CM;41;21;18494
CM;41;22;19043
CM;41;23;19950
CM;41;24;23673
CM;41;25;22992
CM;41;26;23064
CM;41;27;23643
CM;41;28;24276
CM;41;29;28428
CM;41;30;26401
CM;41;31;29148
CM;41;32;27762
CM;41;33;28626
CM;41;34;37518
CM;41;35;30693
CM;41;36;31294
CM;41;37;31932
CM;41;38;39425
CM;41;39;34175
CM;41;40;34575
CM;41;41;40059
CM;41;42;37423
CM;41;43;37645
CM;41;44;38831
CM;41;45;45261
CM;41;46;40398
CM;41;47;40578
CM;41;48;53876
CM;41;49;43561
CM;41;50;45245
CM;41;51;45734
CM;41;52;45314
CM;41;53;52838
CM;41;54;47077
CM;41;55;47379
CM;41;56;50831
CM;41;57;49868
CM;41;58;55923
CM;41;59;51349
CM;41;60;51905
CM;41;61;54567
CM;41;62;54797
CM;41;63;60914
CM;41;64;55302
CM;41;65;65466
CM;41;66;62432
CM;41;67;64695
CM;41;68;59585
CM;41;69;64567
CM;41;70;60582
CM;41;71;72362
CM;41;72;62673
CM;41;73;68394
CM;41;74;64169
CM;41;75;74513
CM;42;1;953
CM;42;2;1769
CM;42;3;2665
CM;42;4;3835
CM;42;5;4579
CM;42;6;5898
CM;42;7;6210
CM;42;8;7097
CM;42;9;7955
CM;42;10;8999
CM;42;11;10083
CM;42;12;10576
CM;42;13;11672
CM;42;14;14356
CM;42;15;17793
CM;42;16;14820
CM;42;17;16737
CM;42;18;15918
CM;42;19;17272
CM;42;20;18053
CM;42;21;18674
CM;42;22;26399
CM;42;23;31077
CM;42;24;21835
CM;42;25;23705
CM;42;26;23612
CM;42;27;35040
CM;42;28;25229
CM;42;29;25897
CM;42;30;26768
CM;42;31;31873
CM;42;32;28840
CM;42;33;29255
CM;42;34;30485
CM;42;35;32712
CM;42;36;34174
CM;42;37;32997
CM;42;38;33783
CM;42;39;41424
CM;42;40;36069
CM;42;41;37016
CM;42;42;41388
CM;42;43;39042
CM;42;44;39473
CM;42;45;41677
CM;42;46;41968
CM;42;47;41777
CM;42;48;46392
CM;42;49;43972
CM;42;50;44490
CM;42;51;54761
CM;42;52;50330
CM;42;53;48434
CM;42;54;57345
CM;42;55;49875
CM;42;56;57548
CM;42;57;50342
CM;42;58;53480
CM;42;59;53677
CM;42;60;53065
CM;42;61;58059
CM;42;62;55883
CM;42;63;62537
CM;42;64;56850
CM;42;65;64507
CM;42;66;59673
CM;42;67;64744
CM;42;68;61219
CM;42;69;67899
CM;42;70;62968
CM;42;71;96466
CM;42;72;65651
CM;42;73;69857
CM;42;74;65766
CM;42;75;69215
CM;43;1;969
CM;43;2;2009
CM;43;3;2731
CM;43;4;3588
CM;43;5;4995
CM;43;6;5534
CM;43;7;6461
CM;43;8;7339
CM;43;9;8280
CM;43;10;9170
CM;43;11;10945
CM;43;12;10852
CM;43;13;13492
CM;43;14;12873
CM;43;15;14008
CM;43;16;14588
CM;43;17;15503
CM;43;18;16248
CM;43;19;17069
CM;43;20;21712
CM;43;21;20267
CM;43;22;20250
CM;43;23;21171
CM;43;24;21702
CM;43;25;22807
CM;43;26;30079
CM;43;27;25496
CM;43;28;26101
CM;43;29;26222
CM;43;30;27435
CM;43;31;32019
CM;43;32;29176
CM;43;33;29849
CM;43;34;31080
CM;43;35;51613
CM;43;36;32868
CM;43;37;33395
CM;43;38;37758
CM;43;39;36417
CM;43;40;36719
CM;43;41;39980
CM;43;42;39402
CM;43;43;39101
CM;43;44;39848
CM;43;45;45995
CM;43;46;41912
CM;43;47;44653
CM;43;48;45352
CM;43;49;44528
CM;43;50;56719
CM;43;51;50554
CM;43;52;47702
CM;43;53;53987
CM;43;54;49761
CM;43;55;63107
CM;43;56;51098
CM;43;57;62273
CM;43;58;53581
CM;43;59;56083
CM;43;60;55877
CM;43;61;55609
CM;43;62;57429
CM;43;63;57371
CM;43;64;64742
CM;43;65;60987
CM;43;66;63465
CM;43;67;60676
CM;43;68;73546
CM;43;69;94185
CM;43;70;95240
CM;43;71;90965
CM;43;72;66895
CM;43;73;67527
CM;43;74;75021
CM;43;75;68973
CM;44;1;1028
CM;44;2;1860
CM;44;3;3243
CM;44;4;3980
CM;44;5;4533
CM;44;6;5495
CM;44;7;6803
CM;44;8;7595
CM;44;9;8479
CM;44;10;11424
CM;44;11;10577
CM;44;12;11630
CM;44;13;12238
CM;44;14;13076
CM;44;15;13858
CM;44;16;14859
CM;44;17;15641
CM;44;18;18456
CM;44;19;21801
CM;44;20;18886
CM;44;21;19738
CM;44;22;20266
CM;44;23;22502
CM;44;24;23528
CM;44;25;26338
CM;44;26;24407
CM;44;27;26233
CM;44;28;26176
CM;44;29;29793
CM;44;30;29224
CM;44;31;30519
CM;44;32;29647
CM;44;33;31658
CM;44;34;44933
CM;44;35;34773
CM;44;36;34164
CM;44;37;40650
CM;44;38;36263
CM;44;39;37290
CM;44;40;44736
CM;44;41;39125
CM;44;42;39532
CM;44;43;45957
CM;44;44;41451
CM;44;45;42442
CM;44;46;47818
CM;44;47;45396
CM;44;48;44324
CM;44;49;53483
CM;44;50;46666
CM;44;51;48521
CM;44;52;49002
CM;44;53;49693
CM;44;54;56205
CM;44;55;51536
CM;44;56;53780
CM;44;57;55983
CM;44;58;54012
CM;44;59;64586
CM;44;60;56086
CM;44;61;62484
CM;44;62;57727
CM;44;63;68197
CM;44;64;60745
CM;44;65;75005
CM;44;66;62226
CM;44;67;70502
CM;44;68;63454
CM;44;69;72781
CM;44;70;65534
CM;44;71;78806
CM;44;72;72761
CM;44;73;73966
CM;44;74;77424
CM;44;75;69776
CM;45;1;992
CM;45;2;1902
CM;45;3;2816
CM;45;4;3743
CM;45;5;4741
CM;45;6;5774
CM;45;7;6837
CM;45;8;9562
CM;45;9;8878
CM;45;10;10080
CM;45;11;10967
CM;45;12;11776
CM;45;13;12274
CM;45;14;13247
CM;45;15;14333
CM;45;16;15041
CM;45;17;18463
CM;45;18;18731
CM;45;19;18715
CM;45;20;19498
CM;45;21;20776
CM;45;22;20980
CM;45;23;21901
CM;45;24;24465
CM;45;25;24433
CM;45;26;24865
CM;45;27;25672
CM;45;28;26753
CM;45;29;31049
CM;45;30;28792
CM;45;31;29639
CM;45;32;30298
CM;45;33;37267
CM;45;34;32575
CM;45;35;34076
CM;45;36;36055
CM;45;37;47757
CM;45;38;36204
CM;45;39;37797
CM;45;40;43549
CM;45;41;39503
CM;45;42;39984
CM;45;43;47602
CM;45;44;42646
CM;45;45;42739
CM;45;46;45288
CM;45;47;45646
CM;45;48;47584
CM;45;49;48648
CM;45;50;47839
CM;45;51;54581
CM;45;52;49555
CM;45;53;51718
CM;45;54;52714
CM;45;55;52287
CM;45;56;57581
CM;45;57;54173
CM;45;58;64768
CM;45;59;56236
CM;45;60;65345
CM;45;61;58248
CM;45;62;66918
CM;45;63;60085
CM;45;64;65067
CM;45;65;62289
CM;45;66;66622
CM;45;67;64176
CM;45;68;70468
CM;45;69;65373
CM;45;70;75882
CM;45;71;67084
CM;45;72;86449
CM;45;73;88736
CM;45;74;71826
CM;45;75;76123
CM;46;1;1054
CM;46;2;1971
CM;46;3;3114
CM;46;4;4312
CM;46;5;4833
CM;46;6;6292
CM;46;7;6825
CM;46;8;8088
CM;46;9;8688
CM;46;10;9876
CM;46;11;10743
CM;46;12;11578
CM;46;13;12595
CM;46;14;16133
CM;46;15;15221
CM;46;16;16132
CM;46;17;16542
CM;46;18;17621
CM;46;19;18645
CM;46;20;19824
CM;46;21;24250
CM;46;22;21854
CM;46;23;22439
CM;46;24;25803
CM;46;25;24267
CM;46;26;29313
CM;46;27;28770
CM;46;28;28092
CM;46;29;28601
CM;46;30;28996
CM;46;31;34660
CM;46;32;31788
CM;46;33;32494
CM;46;34;37642
CM;46;35;34951
CM;46;36;35397
CM;46;37;35978
CM;46;38;49457
CM;46;39;38395
CM;46;40;39200
CM;46;41;44590
CM;46;42;40726
CM;46;43;41686
CM;46;44;48672
CM;46;45;43627
CM;46;46;46678
CM;46;47;46737
CM;46;48;46621
CM;46;49;52596
CM;46;50;49325
CM;46;51;49326
CM;46;52;55329
CM;46;53;52135
CM;46;54;63422
CM;46;55;54061
CM;46;56;61117
CM;46;57;55707
CM;46;58;62883
CM;46;59;57851
CM;46;60;61472
CM;46;61;59948
CM;46;62;62573
CM;46;63;61722
CM;46;64;67715
CM;46;65;63418
CM;46;66;70228
CM;46;67;65069
CM;46;68;71470
CM;46;69;67468
CM;46;70;91290
CM;46;71;68627
CM;46;72;79426
CM;46;73;75943
CM;46;74;72036
CM;46;75;82117
CM;47;1;1028
CM;47;2;1999
CM;47;3;3511
CM;47;4;3956
CM;47;5;5096
CM;47;6;5927
CM;47;7;7649
CM;47;8;8337
CM;47;9;10128
CM;47;10;10071
CM;47;11;10893
CM;47;12;11788
CM;47;13;15347
CM;47;14;14475
CM;47;15;15235
CM;47;16;16244
CM;47;17;16983
CM;47;18;17831
CM;47;19;19065
CM;47;20;22546
CM;47;21;24056
CM;47;22;22326
CM;47;23;22812
CM;47;24;23721
CM;47;25;24493
CM;47;26;31002
CM;47;27;27407
CM;47;28;28078
CM;47;29;29301
CM;47;30;33323
CM;47;31;31051
CM;47;32;31921
CM;47;33;32970
CM;47;34;40385
CM;47;35;43649
CM;47;36;36114
CM;47;37;43224
CM;47;38;39240
CM;47;39;39494
CM;47;40;47303
CM;47;41;41616
CM;47;42;42020
CM;47;43;45743
CM;47;44;44882
CM;47;45;45145
CM;47;46;54782
CM;47;47;46851
CM;47;48;50081
CM;47;49;53008
CM;47;50;50197
CM;47;51;54169
CM;47;52;52592
CM;47;53;59379
CM;47;54;54232
CM;47;55;56594
CM;47;56;57815
CM;47;57;56800
CM;47;58;58792
CM;47;59;58869
CM;47;60;64546
CM;47;61;61391
CM;47;62;63250
CM;47;63;62392
CM;47;64;66251
CM;47;65;64578
CM;47;66;66530
CM;47;67;67584
CM;47;68;84088
CM;47;69;90717
CM;47;70;70185
CM;47;71;75098
CM;47;72;73387
CM;47;73;73261
CM;47;74;78868
CM;47;75;116721
CM;48;1;1409
CM;48;2;3129
CM;48;3;6253
CM;48;4;6535
CM;48;5;8058
CM;48;6;8326
CM;48;7;11103
CM;48;8;12440
CM;48;9;12235
CM;48;10;15724
CM;48;11;15640
CM;48;12;17735
CM;48;13;20194
CM;48;14;23983
CM;48;15;22234
CM;48;16;21523
CM;48;17;17413
CM;48;18;18394
CM;48;19;19432
CM;48;20;28573
CM;48;21;23058
CM;48;22;22211
CM;48;23;23414
CM;48;24;24547
CM;48;25;32289
CM;48;26;31355
CM;48;27;27766
CM;48;28;28452
CM;48;29;34865
CM;48;30;31218
CM;48;31;31774
CM;48;32;32291
CM;48;33;41319
CM;48;34;35735
CM;48;35;35494
CM;48;36;39551
CM;48;37;39030
CM;48;38;38860
CM;48;39;39613
CM;48;40;41962
CM;48;41;42134
CM;48;42;44516
CM;48;43;44916
CM;48;44;44387
CM;48;45;50852
CM;48;46;46895
CM;48;47;47922
CM;48;48;71069
CM;48;49;50019
CM;48;50;56992
CM;48;51;52743
CM;48;52;55171
CM;48;53;55397
CM;48;54;54805
CM;48;55;57096
CM;48;56;57380
CM;48;57;65259
CM;48;58;58497
CM;48;59;72396
CM;48;60;61079
CM;48;61;72936
CM;48;62;63015
CM;48;63;82700
CM;48;64;65580
CM;48;65;74975
CM;48;66;71219
CM;48;67;67909
CM;48;68;76382
CM;48;69;70325
CM;48;70;76855
CM;48;71;72106
CM;48;72;74231
CM;48;73;81715
CM;48;74;75025
CM;48;75;83596
CM;49;1;1050
CM;49;2;2054
CM;49;3;3165
CM;49;4;4209
CM;49;5;5136
CM;49;6;6349
CM;49;7;7310
CM;49;8;8300
CM;49;9;9334
CM;49;10;10536
CM;49;11;11380
CM;49;12;14933
CM;49;13;15456
CM;49;14;19113
CM;49;15;15818
CM;49;16;16750
CM;49;17;17559
CM;49;18;22783
CM;49;19;21535
CM;49;20;21160
CM;49;21;21964
CM;49;22;22617
CM;49;23;23739
CM;49;24;26613
CM;49;25;28849
CM;49;26;27072
CM;49;27;28071
CM;49;28;30037
CM;49;29;33464
CM;49;30;31736
CM;49;31;32086
CM;49;32;32846
CM;49;33;37797
CM;49;34;36213
CM;49;35;35969
CM;49;36;43253
CM;49;37;38733
CM;49;38;39962
CM;49;39;48854
CM;49;40;41506
CM;49;41;42326
CM;49;42;56584
CM;49;43;45072
CM;49;44;50296
CM;49;45;55287
CM;49;46;48170
CM;49;47;56053
CM;49;48;50035
CM;49;49;54354
CM;49;50;52087
CM;49;51;56001
CM;49;52;54614
CM;49;53;55110
CM;49;54;59970
CM;49;55;57337
CM;49;56;65123
CM;49;57;59306
CM;49;58;66973
CM;49;59;61028
CM;49;60;81798
CM;49;61;64037
CM;49;62;73272
CM;49;63;68152
CM;49;64;66920
CM;49;65;70535
CM;49;66;69764
CM;49;67;76377
CM;49;68;70584
CM;49;69;82788
CM;49;70;77423
CM;49;71;74266
CM;49;72;84573
CM;49;73;75868
CM;49;74;77560
CM;49;75;85557
CM;50;1;1064
CM;50;2;2111
CM;50;3;3243
CM;50;4;4200
CM;50;5;5678
CM;50;6;6319
CM;50;7;7367
CM;50;8;8486
CM;50;9;9461
CM;50;10;10468
CM;50;11;11649
CM;50;12;12575
CM;50;13;13611
CM;50;14;18300
CM;50;15;16613
CM;50;16;17059
CM;50;17;18008
CM;50;18;19410
CM;50;19;20078
CM;50;20;22735
CM;50;21;24147
CM;50;22;23850
CM;50;23;24369
CM;50;24;25288
CM;50;25;26142
CM;50;26;32740
CM;50;27;29088
CM;50;28;29463
CM;50;29;30515
CM;50;30;36893
CM;50;31;34160
CM;50;32;34078
CM;50;33;35561
CM;50;34;49287
CM;50;35;37403
CM;50;36;37943
CM;50;37;45026
CM;50;38;40919
CM;50;39;45942
CM;50;40;43315
CM;50;41;43312
CM;50;42;48027
CM;50;43;46197
CM;50;44;46283
CM;50;45;52110
CM;50;46;48986
CM;50;47;51814
CM;50;48;52050
CM;50;49;51601
CM;50;50;58485
CM;50;51;54119
CM;50;52;63757
CM;50;53;56489
CM;50;54;66113
CM;50;55;58333
CM;50;56;71477
CM;50;57;61121
CM;50;58;67286
CM;50;59;68372
CM;50;60;69444
CM;50;61;65190
CM;50;62;66465
CM;50;63;68251
CM;50;64;68026
CM;50;65;73353
CM;50;66;70203
CM;50;67;77752
CM;50;68;72444
CM;50;69;84748
CM;50;70;91299
CM;50;71;75499
CM;50;72;83412
CM;50;73;84727
CM;50;74;78142
CM;50;75;87782
CM;51;1;1093
CM;51;2;2115
CM;51;3;3234
CM;51;4;4569
CM;51;5;5353
CM;51;6;6343
CM;51;7;7772
CM;51;8;8500
CM;51;9;9945
CM;51;10;10953
CM;51;11;11868
CM;51;12;19025
CM;51;13;15145
CM;51;14;15621
CM;51;15;16589
CM;51;16;17099
CM;51;17;18502
CM;51;18;19436
CM;51;19;26551
CM;51;20;22675
CM;51;21;23457
CM;51;22;23685
CM;51;23;24781
CM;51;24;30783
CM;51;25;27468
CM;51;26;28059
CM;51;27;29254
CM;51;28;40526
CM;51;29;35603
CM;51;30;32750
CM;51;31;33402
CM;51;32;42831
CM;51;33;36922
CM;51;34;36683
CM;51;35;43797
CM;51;36;39368
CM;51;37;40318
CM;51;38;47821
CM;51;39;42505
CM;51;40;43175
CM;51;41;49416
CM;51;42;45611
CM;51;43;47635
CM;51;44;49341
CM;51;45;48876
CM;51;46;53403
CM;51;47;51247
CM;51;48;51667
CM;51;49;53640
CM;51;50;54191
CM;51;51;72768
CM;51;52;56335
CM;51;53;82173
CM;51;54;58538
CM;51;55;65662
CM;51;56;60008
CM;51;57;70434
CM;51;58;62283
CM;51;59;70981
CM;51;60;66532
CM;51;61;73826
CM;51;62;69538
CM;51;63;71370
CM;51;64;70196
CM;51;65;70782
CM;51;66;81732
CM;51;67;72271
CM;51;68;83115
CM;51;69;75110
CM;51;70;78057
CM;51;71;81651
CM;51;72;78152
CM;51;73;83726
CM;51;74;83753
CM;51;75;81633
CM;52;1;1710
CM;52;2;2163
CM;52;3;3266
CM;52;4;4424
CM;52;5;5708
CM;52;6;6920
CM;52;7;9340
CM;52;8;12250
CM;52;9;10334
CM;52;10;11900
CM;52;11;12273
CM;52;12;13146
CM;52;13;14626
CM;52;14;15616
CM;52;15;16472
CM;52;16;17434
CM;52;17;24154
CM;52;18;23461
CM;52;19;22189
CM;52;20;27281
CM;52;21;22943
CM;52;22;30951
CM;52;23;26593
CM;52;24;26383
CM;52;25;27851
CM;52;26;32290
CM;52;27;30059
CM;52;28;31204
CM;52;29;31728
CM;52;30;37614
CM;52;31;35129
CM;52;32;35319
CM;52;33;35989
CM;52;34;46841
CM;52;35;39575
CM;52;36;39476
CM;52;37;44543
CM;52;38;43356
CM;52;39;42712
CM;52;40;46388
CM;52;41;45308
CM;52;42;50143
CM;52;43;47606
CM;52;44;49020
CM;52;45;59298
CM;52;46;57626
CM;52;47;59845
CM;52;48;53061
CM;52;49;55892
CM;52;50;56384
CM;52;51;55527
CM;52;52;58803
CM;52;53;58077
CM;52;54;63081
CM;52;55;60232
CM;52;56;65819
CM;52;57;63020
CM;52;58;66332
CM;52;59;64820
CM;52;60;69711
CM;52;61;68682
CM;52;62;70145
CM;52;63;77461
CM;52;64;70624
CM;52;65;80373
CM;52;66;72692
CM;52;67;75249
CM;52;68;80159
CM;52;69;76057
CM;52;70;80539
CM;52;71;79204
CM;52;72;81208
CM;52;73;100341
CM;52;74;89604
CM;52;75;82553
CM;53;1;1152
CM;53;2;2206
CM;53;3;3698
CM;53;4;4709
CM;53;5;5664
CM;53;6;8372
CM;53;7;7841
CM;53;8;10693
CM;53;9;10763
CM;53;10;11426
CM;53;11;12426
CM;53;12;13734
CM;53;13;14501
CM;53;14;15919
CM;53;15;16679
CM;53;16;20097
CM;53;17;19535
CM;53;18;20530
CM;53;19;21575
CM;53;20;22298
CM;53;21;23379
CM;53;22;28527
CM;53;23;26494
CM;53;24;27003
CM;53;25;28229
CM;53;26;30686
CM;53;27;31862
CM;53;28;31500
CM;53;29;32882
CM;53;30;37790
CM;53;31;35830
CM;53;32;36112
CM;53;33;36995
CM;53;34;44994
CM;53;35;39160
CM;53;36;40593
CM;53;37;49821
CM;53;38;43358
CM;53;39;46385
CM;53;40;45871
CM;53;41;46434
CM;53;42;54101
CM;53;43;48896
CM;53;44;50644
CM;53;45;57049
CM;53;46;51916
CM;53;47;59818
CM;53;48;54494
CM;53;49;63594
CM;53;50;56055
CM;53;51;63186
CM;53;52;58537
CM;53;53;66013
CM;53;54;60502
CM;53;55;77486
CM;53;56;63500
CM;53;57;70859
CM;53;58;65241
CM;53;59;75341
CM;53;60;67640
CM;53;61;69973
CM;53;62;72020
CM;53;63;71406
CM;53;64;77687
CM;53;65;72931
CM;53;66;88988
CM;53;67;77640
CM;53;68;77424
CM;53;69;84365
CM;53;70;78734
CM;53;71;80155
CM;53;72;86093
CM;53;73;82883
CM;53;74;84877
CM;53;75;91306
CM;54;1;1156
CM;54;2;2225
CM;54;3;3538
CM;54;4;4596
CM;54;5;5692
CM;54;6;7066
CM;54;7;8073
CM;54;8;9510
CM;54;9;10294
CM;54;10;11332
CM;54;11;12692
CM;54;12;15874
CM;54;13;24589
CM;54;14;18754
CM;54;15;16941
CM;54;16;18396
CM;54;17;19179
CM;54;18;38187
CM;54;19;24915
CM;54;20;22908
CM;54;21;24300
CM;54;22;25273
CM;54;23;27946
CM;54;24;32345
CM;54;25;29026
CM;54;26;30115
CM;54;27;31395
CM;54;28;40666
CM;54;29;33372
CM;54;30;34332
CM;54;31;37425
CM;54;32;37466
CM;54;33;37535
CM;54;34;40919
CM;54;35;43335
CM;54;36;41031
CM;54;37;45512
CM;54;38;43968
CM;54;39;45631
CM;54;40;50982
CM;54;41;54270
CM;54;42;48484
CM;54;43;55334
CM;54;44;50539
CM;54;45;59323
CM;54;46;52546
CM;54;47;55349
CM;54;48;55669
CM;54;49;56410
CM;54;50;58871
CM;54;51;57999
CM;54;52;68263
CM;54;53;60397
CM;54;54;66888
CM;54;55;64378
CM;54;56;65953
CM;54;57;72253
CM;54;58;70231
CM;54;59;76031
CM;54;60;68676
CM;54;61;73629
CM;54;62;72167
CM;54;63;74294
CM;54;64;78639
CM;54;65;74425
CM;54;66;81819
CM;54;67;85972
CM;54;68;91910
CM;54;69;102328
CM;54;70;85333
CM;54;71;81396
CM;54;72;84530
CM;54;73;88949
CM;54;74;86924
CM;54;75;87819
CM;55;1;1200
CM;55;2;2325
CM;55;3;3919
CM;55;4;4589
CM;55;5;6432
CM;55;6;7058
CM;55;7;8103
CM;55;8;9254
CM;55;9;11210
CM;55;10;11777
CM;55;11;13271
CM;55;12;14022
CM;55;13;15198
CM;55;14;16528
CM;55;15;17259
CM;55;16;18408
CM;55;17;24825
CM;55;18;22541
CM;55;19;22340
CM;55;20;23222
CM;55;21;24593
CM;55;22;27453
CM;55;23;32882
CM;55;24;28195
CM;55;25;29116
CM;55;26;30886
CM;55;27;35805
CM;55;28;32705
CM;55;29;35433
CM;55;30;42110
CM;55;31;36842
CM;55;32;37475
CM;55;33;39450
CM;55;34;41053
CM;55;35;40542
CM;55;36;43935
CM;55;37;44642
CM;55;38;44402
CM;55;39;48465
CM;55;40;47588
CM;55;41;47509
CM;55;42;57740
CM;55;43;50463
CM;55;44;56513
CM;55;45;54131
CM;55;46;53406
CM;55;47;57772
CM;55;48;56101
CM;55;49;60818
CM;55;50;58110
CM;55;51;64966
CM;55;52;60347
CM;55;53;66898
CM;55;54;64509
CM;55;55;71976
CM;55;56;66407
CM;55;57;73377
CM;55;58;74989
CM;55;59;81506
CM;55;60;92033
CM;55;61;70698
CM;55;62;74655
CM;55;63;79515
CM;55;64;75405
CM;55;65;81536
CM;55;66;76894
CM;55;67;79234
CM;55;68;85153
CM;55;69;80868
CM;55;70;84097
CM;55;71;95630
CM;55;72;84867
CM;55;73;88430
CM;55;74;90710
CM;55;75;95241
CM;56;1;1168
CM;56;2;2687
CM;56;3;3662
CM;56;4;4694
CM;56;5;6272
CM;56;6;7482
CM;56;7;8742
CM;56;8;9447
CM;56;9;10486
CM;56;10;12024
CM;56;11;13114
CM;56;12;14593
CM;56;13;17751
CM;56;14;18402
CM;56;15;17908
CM;56;16;19691
CM;56;17;20058
CM;56;18;21076
CM;56;19;24614
CM;56;20;24586
CM;56;21;24916
CM;56;22;26020
CM;56;23;27217
CM;56;24;32845
CM;56;25;30193
CM;56;26;30773
CM;56;27;32276
CM;56;28;41786
CM;56;29;34860
CM;56;30;35587
CM;56;31;39246
CM;56;32;47916
CM;56;33;39017
CM;56;34;42328
CM;56;35;45499
CM;56;36;42811
CM;56;37;46185
CM;56;38;45542
CM;56;39;46745
CM;56;40;54225
CM;56;41;48986
CM;56;42;51095
CM;56;43;52254
CM;56;44;52017
CM;56;45;58044
CM;56;46;56293
CM;56;47;63287
CM;56;48;57625
CM;56;49;65412
CM;56;50;60654
CM;56;51;70682
CM;56;52;63702
CM;56;53;72520
CM;56;54;64133
CM;56;55;73823
CM;56;56;66155
CM;56;57;73882
CM;56;58;69222
CM;56;59;71273
CM;56;60;76729
CM;56;61;74996
CM;56;62;85012
CM;56;63;75620
CM;56;64;79949
CM;56;65;84198
CM;56;66;78529
CM;56;67;79911
CM;56;68;87945
CM;56;69;81873
CM;56;70;84067
CM;56;71;90820
CM;56;72;85011
CM;56;73;96632
CM;56;74;115702
CM;56;75;94445
CM;57;1;1216
CM;57;2;2847
CM;57;3;3681
CM;57;4;4807
CM;57;5;5993
CM;57;6;7663
CM;57;7;8554
CM;57;8;9600
CM;57;9;10823
CM;57;10;12033
CM;57;11;13162
CM;57;12;16415
CM;57;13;17652
CM;57;14;17169
CM;57;15;18091
CM;57;16;19681
CM;57;17;20298
CM;57;18;21697
CM;57;19;27841
CM;57;20;24818
CM;57;21;25448
CM;57;22;26357
CM;57;23;27329
CM;57;24;30576
CM;57;25;30330
CM;57;26;31497
CM;57;27;32708
CM;57;28;38782
CM;57;29;35040
CM;57;30;36395
CM;57;31;42094
CM;57;32;38820
CM;57;33;39436
CM;57;34;52902
CM;57;35;45764
CM;57;36;43641
CM;57;37;66149
CM;57;38;46161
CM;57;39;55509
CM;57;40;48607
CM;57;41;49466
CM;57;42;55608
CM;57;43;51938
CM;57;44;61720
CM;57;45;54148
CM;57;46;57674
CM;57;47;58263
CM;57;48;60348
CM;57;49;60750
CM;57;50;59984
CM;57;51;66038
CM;57;52;62343
CM;57;53;75136
CM;57;54;66546
CM;57;55;77724
CM;57;56;73872
CM;57;57;69098
CM;57;58;77810
CM;57;59;72657
CM;57;60;76722
CM;57;61;76271
CM;57;62;75651
CM;57;63;92119
CM;57;64;80341
CM;57;65;81964
CM;57;66;95484
CM;57;67;85111
CM;57;68;81944
CM;57;69;87690
CM;57;70;89555
CM;57;71;87392
CM;57;72;93417
CM;57;73;92976
CM;57;74;89791
CM;57;75;91115
CM;58;1;1309
CM;58;2;2725
CM;58;3;4166
CM;58;4;5186
CM;58;5;6385
CM;58;6;7715
CM;58;7;8860
CM;58;8;11664
CM;58;9;18752
CM;58;10;17296
CM;58;11;13800
CM;58;12;14949
CM;58;13;16919
CM;58;14;17154
CM;58;15;18399
CM;58;16;26852
CM;58;17;22465
CM;58;18;22335
CM;58;19;23595
CM;58;20;24421
CM;58;21;30447
CM;58;22;27241
CM;58;23;28251
CM;58;24;30018
CM;58;25;33971
CM;58;26;32436
CM;58;27;33707
CM;58;28;34411
CM;58;29;43284
CM;58;30;37307
CM;58;31;39332
CM;58;32;47065
CM;58;33;40733
CM;58;34;41494
CM;58;35;49267
CM;58;36;44308
CM;58;37;45585
CM;58;38;48880
CM;58;39;47505
CM;58;40;53057
CM;58;41;51340
CM;58;42;52178
CM;58;43;62833
CM;58;44;54116
CM;58;45;61815
CM;58;46;57344
CM;58;47;63114
CM;58;48;60128
CM;58;49;66793
CM;58;50;61606
CM;58;51;67885
CM;58;52;63670
CM;58;53;70114
CM;58;54;66670
CM;58;55;77272
CM;58;56;68518
CM;58;57;84640
CM;58;58;82935
CM;58;59;72964
CM;58;60;79117
CM;58;61;76391
CM;58;62;76484
CM;58;63;85346
CM;58;64;78858
CM;58;65;85979
CM;58;66;92076
CM;58;67;82255
CM;58;68;84010
CM;58;69;107031
CM;58;70;94905
CM;58;71;87443
CM;58;72;89237
CM;58;73;100393
CM;58;74;95594
CM;58;75;92469
CM;59;1;1313
CM;59;2;2446
CM;59;3;4125
CM;59;4;4912
CM;59;5;8326
CM;59;6;9625
CM;59;7;10785
CM;59;8;10332
CM;59;9;11351
CM;59;10;12732
CM;59;11;13669
CM;59;12;15230
CM;59;13;16214
CM;59;14;17487
CM;59;15;24256
CM;59;16;20744
CM;59;17;21561
CM;59;18;22723
CM;59;19;23838
CM;59;20;26422
CM;59;21;27909
CM;59;22;27847
CM;59;23;28658
CM;59;24;29830
CM;59;25;42674
CM;59;26;51190
CM;59;27;49906
CM;59;28;45959
CM;59;29;49763
CM;59;30;62569
CM;59;31;45878
CM;59;32;40753
CM;59;33;44453
CM;59;34;42352
CM;59;35;45538
CM;59;36;46764
CM;59;37;46203
CM;59;38;55084
CM;59;39;49101
CM;59;40;49775
CM;59;41;52195
CM;59;42;52232
CM;59;43;61765
CM;59;44;54652
CM;59;45;78288
CM;59;46;57864
CM;59;47;64762
CM;59;48;60371
CM;59;49;66879
CM;59;50;62812
CM;59;51;71114
CM;59;52;65303
CM;59;53;76322
CM;59;54;67883
CM;59;55;72188
CM;59;56;73055
CM;59;57;72128
CM;59;58;88788
CM;59;59;73804
CM;59;60;75849
CM;59;61;82662
CM;59;62;77835
CM;59;63;82180
CM;59;64;83674
CM;59;65;84285
CM;59;66;91981
CM;59;67;90925
CM;59;68;84937
CM;59;69;91469
CM;59;70;97423
CM;59;71;92077
CM;59;72;90125
CM;59;73;95402
CM;59;74;100119
CM;59;75;96259
CM;60;1;1817
CM;60;2;2854
CM;60;3;4913
CM;60;4;5199
CM;60;5;6971
CM;60;6;7878
CM;60;7;9020
CM;60;8;10127
CM;60;9;11623
CM;60;10;12905
CM;60;11;14090
CM;60;12;15186
CM;60;13;16249
CM;60;14;20426
CM;60;15;19144
CM;60;16;20412
CM;60;17;21525
CM;60;18;22867
CM;60;19;26405
CM;60;20;26081
CM;60;21;26977
CM;60;22;27629
CM;60;23;30651
CM;60;24;38428
CM;60;25;35212
CM;60;26;33138
CM;60;27;35498
CM;60;28;37363
CM;60;29;36778
CM;60;30;38194
CM;60;31;43355
CM;60;32;41232
CM;60;33;42175
CM;60;34;48944
CM;60;35;45064
CM;60;36;45841
CM;60;37;51630
CM;60;38;56527
CM;60;39;57400
CM;60;40;50772
CM;60;41;55491
CM;60;42;53958
CM;60;43;55033
CM;60;44;71165
CM;60;45;57281
CM;60;46;64076
CM;60;47;59318
CM;60;48;62397
CM;60;49;62136
CM;60;50;65499
CM;60;51;67099
CM;60;52;67111
CM;60;53;73274
CM;60;54;69333
CM;60;55;74957
CM;60;56;71274
CM;60;57;88640
CM;60;58;81168
CM;60;59;76550
CM;60;60;83858
CM;60;61;77136
CM;60;62;80284
CM;60;63;84307
CM;60;64;81510
CM;60;65;87341
CM;60;66;92797
CM;60;67;86903
CM;60;68;87015
CM;60;69;116239
CM;60;70;107083
CM;60;71;93639
CM;60;72;91906
CM;60;73;99054
CM;60;74;101295
CM;60;75;102097
CM;61;1;1414
CM;61;2;2538
CM;61;3;3980
CM;61;4;5726
CM;61;5;7729
CM;61;6;7778
CM;61;7;8968
CM;61;8;19035
CM;61;9;11614
CM;61;10;12935
CM;61;11;14215
CM;61;12;17090
CM;61;13;21864
CM;61;14;18422
CM;61;15;19590
CM;61;16;21126
CM;61;17;21735
CM;61;18;23351
CM;61;19;27922
CM;61;20;26558
CM;61;21;27239
CM;61;22;28482
CM;61;23;31563
CM;61;24;37257
CM;61;25;32694
CM;61;26;33645
CM;61;27;39296
CM;61;28;36901
CM;61;29;37688
CM;61;30;43350
CM;61;31;41864
CM;61;32;41525
CM;61;33;50950
CM;61;34;50176
CM;61;35;67486
CM;61;36;47538
CM;61;37;47958
CM;61;38;54762
CM;61;39;50867
CM;61;40;54264
CM;61;41;54259
CM;61;42;54420
CM;61;43;63768
CM;61;44;56731
CM;61;45;66581
CM;61;46;59904
CM;61;47;66522
CM;61;48;61950
CM;61;49;65141
CM;61;50;64675
CM;61;51;68247
CM;61;52;67451
CM;61;53;69167
CM;61;54;77377
CM;61;55;71212
CM;61;56;77843
CM;61;57;73987
CM;61;58;81015
CM;61;59;84061
CM;61;60;77397
CM;61;61;81642
CM;61;62;86975
CM;61;63;82160
CM;61;64;97824
CM;61;65;96302
CM;61;66;85235
CM;61;67;86767
CM;61;68;104852
CM;61;69;99014
CM;61;70;92316
CM;61;71;92205
CM;61;72;102978
CM;61;73;101567
CM;61;74;96787
CM;61;75;97131
CM;62;1;1329
CM;62;2;2684
CM;62;3;3925
CM;62;4;5607
CM;62;5;6496
CM;62;6;9553
CM;62;7;13127
CM;62;8;10847
CM;62;9;12059
CM;62;10;13131
CM;62;11;14312
CM;62;12;15737
CM;62;13;17174
CM;62;14;18363
CM;62;15;26577
CM;62;16;21513
CM;62;17;22220
CM;62;18;23677
CM;62;19;25120
CM;62;20;30990
CM;62;21;39214
CM;62;22;28936
CM;62;23;31235
CM;62;24;33881
CM;62;25;39310
CM;62;26;35132
CM;62;27;37395
CM;62;28;37058
CM;62;29;37846
CM;62;30;39709
CM;62;31;43669
CM;62;32;42539
CM;62;33;43257
CM;62;34;45846
CM;62;35;45799
CM;62;36;52509
CM;62;37;49264
CM;62;38;49687
CM;62;39;53927
CM;62;40;53831
CM;62;41;62558
CM;62;42;55299
CM;62;43;58533
CM;62;44;59161
CM;62;45;61290
CM;62;46;61781
CM;62;47;66142
CM;62;48;64370
CM;62;49;72519
CM;62;50;65422
CM;62;51;77522
CM;62;52;68239
CM;62;53;75212
CM;62;54;70778
CM;62;55;74057
CM;62;56;81780
CM;62;57;75606
CM;62;58;96148
CM;62;59;83907
CM;62;60;78289
CM;62;61;82387
CM;62;62;89825
CM;62;63;85233
CM;62;64;90971
CM;62;65;90185
CM;62;66;86653
CM;62;67;89917
CM;62;68;112182
CM;62;69;97284
CM;62;70;94227
CM;62;71;94767
CM;62;72;99602
CM;62;73;103258
CM;62;74;102578
CM;62;75;98821
CM;63;1;1375
CM;63;2;2729
CM;63;3;4376
CM;63;4;7178
CM;63;5;6841
CM;63;6;9701
CM;63;7;9774
CM;63;8;10689
CM;63;9;12264
CM;63;10;13564
CM;63;11;14662
CM;63;12;15807
CM;63;13;17233
CM;63;14;21252
CM;63;15;24585
CM;63;16;21949
CM;63;17;22511
CM;63;18;23887
CM;63;19;25525
CM;63;20;39422
CM;63;21;28427
CM;63;22;29148
CM;63;23;30367
CM;63;24;53093
CM;63;25;34110
CM;63;26;34846
CM;63;27;43435
CM;63;28;37435
CM;63;29;38483
CM;63;30;49809
CM;63;31;41247
CM;63;32;42563
CM;63;33;47377
CM;63;34;46027
CM;63;35;46722
CM;63;36;49382
CM;63;37;49280
CM;63;38;59026
CM;63;39;52599
CM;63;40;56946
CM;63;41;55783
CM;63;42;56279
CM;63;43;73845
CM;63;44;58634
CM;63;45;65380
CM;63;46;65140
CM;63;47;63561
CM;63;48;68972
CM;63;49;66029
CM;63;50;72563
CM;63;51;67951
CM;63;52;73921
CM;63;53;70704
CM;63;54;74937
CM;63;55;80122
CM;63;56;74783
CM;63;57;89503
CM;63;58;77752
CM;63;59;83089
CM;63;60;93752
CM;63;61;81044
CM;63;62;85136
CM;63;63;89288
CM;63;64;91964
CM;63;65;86455
CM;63;66;90500
CM;63;67;100033
CM;63;68;92356
CM;63;69;98605
CM;63;70;96699
CM;63;71;100159
CM;63;72;101897
CM;63;73;97158
CM;63;74;100263
CM;63;75;108772
CM;64;1;1356
CM;64;2;2714
CM;64;3;4618
CM;64;4;5385
CM;64;5;7215
CM;64;6;8092
CM;64;7;9800
CM;64;8;11063
CM;64;9;13740
CM;64;10;18440
CM;64;11;19189
CM;64;12;16539
CM;64;13;17809
CM;64;14;19746
CM;64;15;20335
CM;64;16;29389
CM;64;17;31804
CM;64;18;24847
CM;64;19;26329
CM;64;20;27365
CM;64;21;32545
CM;64;22;30194
CM;64;23;31585
CM;64;24;32412
CM;64;25;36755
CM;64;26;35386
CM;64;27;36826
CM;64;28;42111
CM;64;29;39517
CM;64;30;41489
CM;64;31;52737
CM;64;32;43549
CM;64;33;44953
CM;64;34;49595
CM;64;35;48064
CM;64;36;52181
CM;64;37;50529
CM;64;38;52207
CM;64;39;69695
CM;64;40;55286
CM;64;41;61820
CM;64;42;57638
CM;64;43;65336
CM;64;44;60088
CM;64;45;69230
CM;64;46;61856
CM;64;47;68777
CM;64;48;65602
CM;64;49;74384
CM;64;50;68984
CM;64;51;71327
CM;64;52;71768
CM;64;53;73176
CM;64;54;102142
CM;64;55;74684
CM;64;56;76998
CM;64;57;88635
CM;64;58;81151
CM;64;59;83239
CM;64;60;87884
CM;64;61;82838
CM;64;62;86104
CM;64;63;91763
CM;64;64;95761
CM;64;65;90151
CM;64;66;102297
CM;64;67;96804
CM;64;68;98338
CM;64;69;95740
CM;64;70;96301
CM;64;71;104766
CM;64;72;106303
CM;64;73;103823
CM;64;74;100601
CM;64;75;104997
CM;65;1;1423
CM;65;2;2740
CM;65;3;4128
CM;65;4;5514
CM;65;5;6771
CM;65;6;10048
CM;65;7;10247
CM;65;8;17257
CM;65;9;13191
CM;65;10;14281
CM;65;11;15012
CM;65;12;16767
CM;65;13;18375
CM;65;14;18988
CM;65;15;22869
CM;65;16;23047
CM;65;17;24103
CM;65;18;24535
CM;65;19;25985
CM;65;20;32021
CM;65;21;29210
CM;65;22;30432
CM;65;23;31738
CM;65;24;37286
CM;65;25;34376
CM;65;26;35673
CM;65;27;39553
CM;65;28;38930
CM;65;29;40079
CM;65;30;42773
CM;65;31;45300
CM;65;32;43655
CM;65;33;49337
CM;65;34;47968
CM;65;35;48395
CM;65;36;76039
CM;65;37;51210
CM;65;38;62067
CM;65;39;53698
CM;65;40;62674
CM;65;41;56308
CM;65;42;60838
CM;65;43;59936
CM;65;44;64452
CM;65;45;62857
CM;65;46;72097
CM;65;47;64580
CM;65;48;71110
CM;65;49;67267
CM;65;50;89350
CM;65;51;69967
CM;65;52;72178
CM;65;53;84997
CM;65;54;76025
CM;65;55;83170
CM;65;56;83982
CM;65;57;79177
CM;65;58;87812
CM;65;59;85383
CM;65;60;83873
CM;65;61;101297
CM;65;62;91617
CM;65;63;86943
CM;65;64;89638
CM;65;65;99926
CM;65;66;99927
CM;65;67;99546
CM;65;68;93601
CM;65;69;99889
CM;65;70;101569
CM;65;71;105015
CM;65;72;99158
CM;65;73;100869
CM;65;74;105598
CM;65;75;108873
CM;66;1;1375
CM;66;2;2781
CM;66;3;4275
CM;66;4;5575
CM;66;5;6933
CM;66;6;8604
CM;66;7;10075
CM;66;8;11130
CM;66;9;12763
CM;66;10;17099
CM;66;11;15842
CM;66;12;17114
CM;66;13;18057
CM;66;14;19559
CM;66;15;20886
CM;66;16;22249
CM;66;17;30496
CM;66;18;25713
CM;66;19;26579
CM;66;20;27745
CM;66;21;32576
CM;66;22;31641
CM;66;23;31895
CM;66;24;34181
CM;66;25;41799
CM;66;26;37323
CM;66;27;38078
CM;66;28;50589
CM;66;29;41424
CM;66;30;42304
CM;66;31;47306
CM;66;32;44916
CM;66;33;46412
CM;66;34;48535
CM;66;35;49017
CM;66;36;55479
CM;66;37;53557
CM;66;38;55630
CM;66;39;54890
CM;66;40;56352
CM;66;41;60650
CM;66;42;58437
CM;66;43;65169
CM;66;44;61537
CM;66;45;75883
CM;66;46;80188
CM;66;47;66820
CM;66;48;74913
CM;66;49;70467
CM;66;50;79264
CM;66;51;71373
CM;66;52;75105
CM;66;53;77482
CM;66;54;77053
CM;66;55;84770
CM;66;56;78383
CM;66;57;84415
CM;66;58;108531
CM;66;59;85459
CM;66;60;84538
CM;66;61;92523
CM;66;62;95095
CM;66;63;88161
CM;66;64;91191
CM;66;65;98226
CM;66;66;97505
CM;66;67;93724
CM;66;68;100245
CM;66;69;104592
CM;66;70;104421
CM;66;71;106011
CM;66;72;101236
CM;66;73;102617
CM;66;74;107382
CM;66;75;111358
CM;67;1;1463
CM;67;2;3043
CM;67;3;4201
CM;67;4;5942
CM;67;5;7066
CM;67;6;8827
CM;67;7;10053
CM;67;8;11484
CM;67;9;14522
CM;67;10;22990
CM;67;11;15660
CM;67;12;16849
CM;67;13;18401
CM;67;14;19693
CM;67;15;25104
CM;67;16;23257
CM;67;17;28589
CM;67;18;25625
CM;67;19;27505
CM;67;20;30246
CM;67;21;32539
CM;67;22;31539
CM;67;23;33762
CM;67;24;37439
CM;67;25;36701
CM;67;26;36880
CM;67;27;38487
CM;67;28;42005
CM;67;29;41324
CM;67;30;44580
CM;67;31;45075
CM;67;32;45188
CM;67;33;62883
CM;67;34;48220
CM;67;35;49388
CM;67;36;52472
CM;67;37;52293
CM;67;38;67807
CM;67;39;55402
CM;67;40;67772
CM;67;41;58496
CM;67;42;71485
CM;67;43;61236
CM;67;44;76385
CM;67;45;63941
CM;67;46;70047
CM;67;47;66631
CM;67;48;72043
CM;67;49;71543
CM;67;50;71299
CM;67;51;80236
CM;67;52;73303
CM;67;53;92706
CM;67;54;82134
CM;67;55;78129
CM;67;56;82777
CM;67;57;83785
CM;67;58;82414
CM;67;59;90759
CM;67;60;90917
CM;67;61;86642
CM;67;62;92020
CM;67;63;97286
CM;67;64;93277
CM;67;65;92586
CM;67;66;100586
CM;67;67;97139
CM;67;68;102470
CM;67;69;104242
CM;67;70;100262
CM;67;71;103043
CM;67;72;106106
CM;67;73;113393
CM;67;74;134328
CM;67;75;126676
CM;68;1;1413
CM;68;2;3031
CM;68;3;4660
CM;68;4;5731
CM;68;5;7361
CM;68;6;8760
CM;68;7;10275
CM;68;8;11487
CM;68;9;13182
CM;68;10;17072
CM;68;11;17275
CM;68;12;17378
CM;68;13;18558
CM;68;14;20012
CM;68;15;21740
CM;68;16;22791
CM;68;17;29458
CM;68;18;26469
CM;68;19;27356
CM;68;20;28386
CM;68;21;36089
CM;68;22;32160
CM;68;23;33627
CM;68;24;34822
CM;68;25;42145
CM;68;26;37462
CM;68;27;39262
CM;68;28;47150
CM;68;29;42240
CM;68;30;44379
CM;68;31;55297
CM;68;32;47618
CM;68;33;49207
CM;68;34;51007
CM;68;35;50967
CM;68;36;62672
CM;68;37;54247
CM;68;38;65551
CM;68;39;57088
CM;68;40;62661
CM;68;41;61442
CM;68;42;67174
CM;68;43;61910
CM;68;44;67973
CM;68;45;65081
CM;68;46;72246
CM;68;47;67805
CM;68;48;94326
CM;68;49;85553
CM;68;50;73393
CM;68;51;123813
CM;68;52;116861
CM;68;53;98837
CM;68;54;78065
CM;68;55;82752
CM;68;56;85820
CM;68;57;83668
CM;68;58;104454
CM;68;59;98507
CM;68;60;85496
CM;68;61;88260
CM;68;62;97763
CM;68;63;97389
CM;68;64;91668
CM;68;65;94102
CM;68;66;104149
CM;68;67;106494
CM;68;68;108784
CM;68;69;125190
CM;68;70;102519
CM;68;71;103668
CM;68;72;105964
CM;68;73;111339
CM;68;74;116409
CM;68;75;116279
CM;69;1;1493
CM;69;2;2853
CM;69;3;4926
CM;69;4;5989
CM;69;5;7227
CM;69;6;8819
CM;69;7;10263
CM;69;8;11765
CM;69;9;13051
CM;69;10;15075
CM;69;11;23448
CM;69;12;30071
CM;69;13;19009
CM;69;14;20377
CM;69;15;21689
CM;69;16;28978
CM;69;17;33316
CM;69;18;26653
CM;69;19;27256
CM;69;20;29060
CM;69;21;41027
CM;69;22;32968
CM;69;23;33547
CM;69;24;41691
CM;69;25;37822
CM;69;26;38412
CM;69;27;43093
CM;69;28;42346
CM;69;29;42250
CM;69;30;51150
CM;69;31;45753
CM;69;32;46721
CM;69;33;53937
CM;69;34;50300
CM;69;35;56772
CM;69;36;53478
CM;69;37;53661
CM;69;38;69286
CM;69;39;68043
CM;69;40;59169
CM;69;41;59667
CM;69;42;62716
CM;69;43;62646
CM;69;44;65650
CM;69;45;67701
CM;69;46;68236
CM;69;47;73995
CM;69;48;70666
CM;69;49;77442
CM;69;50;74093
CM;69;51;87743
CM;69;52;94784
CM;69;53;77718
CM;69;54;82282
CM;69;55;94743
CM;69;56;82486
CM;69;57;83849
CM;69;58;93387
CM;69;59;86108
CM;69;60;88380
CM;69;61;94918
CM;69;62;107531
CM;69;63;95570
CM;69;64;93883
CM;69;65;95906
CM;69;66;105274
CM;69;67;104755
CM;69;68;98576
CM;69;69;101216
CM;69;70;104445
CM;69;71;122735
CM;69;72;119496
CM;69;73;124050
CM;69;74;121711
CM;69;75;114252
CM;70;1;1461
CM;70;2;2967
CM;70;3;4516
CM;70;4;5964
CM;70;5;7659
CM;70;6;8961
CM;70;7;10495
CM;70;8;12315
CM;70;9;13456
CM;70;10;14803
CM;70;11;16111
CM;70;12;22289
CM;70;13;20802
CM;70;14;21273
CM;70;15;22257
CM;70;16;24236
CM;70;17;31780
CM;70;18;27527
CM;70;19;28243
CM;70;20;29456
CM;70;21;32463
CM;70;22;33549
CM;70;23;34311
CM;70;24;35572
CM;70;25;52663
CM;70;26;38313
CM;70;27;39767
CM;70;28;50826
CM;70;29;44923
CM;70;30;44848
CM;70;31;48357
CM;70;32;47609
CM;70;33;57704
CM;70;34;51522
CM;70;35;53668
CM;70;36;53743
CM;70;37;54818
CM;70;38;59130
CM;70;39;59323
CM;70;40;67877
CM;70;41;60899
CM;70;42;68928
CM;70;43;64937
CM;70;44;77040
CM;70;45;66930
CM;70;46;69052
CM;70;47;75123
CM;70;48;71270
CM;70;49;82049
CM;70;50;73845
CM;70;51;76457
CM;70;52;81339
CM;70;53;78471
CM;70;54;83843
CM;70;55;86853
CM;70;56;83351
CM;70;57;92340
CM;70;58;90728
CM;70;59;87953
CM;70;60;90531
CM;70;61;98651
CM;70;62;98831
CM;70;63;93279
CM;70;64;95553
CM;70;65;123024
CM;70;66;106958
CM;70;67;107741
CM;70;68;106025
CM;70;69;104587
CM;70;70;103454
CM;70;71;109146
CM;70;72;113327
CM;70;73;128434
CM;70;74;126499
CM;70;75;120137
CM;71;1;1592
CM;71;2;3303
CM;71;3;4463
CM;71;4;6411
CM;71;5;7508
CM;71;6;8961
CM;71;7;10532
CM;71;8;11868
CM;71;9;13360
CM;71;10;14852
CM;71;11;20904
CM;71;12;18373
CM;71;13;19794
CM;71;14;21127
CM;71;15;22294
CM;71;16;23768
CM;71;17;29828
CM;71;18;27303
CM;71;19;28589
CM;71;20;29805
CM;71;21;36243
CM;71;22;33657
CM;71;23;34540
CM;71;24;36100
CM;71;25;39850
CM;71;26;39263
CM;71;27;40583
CM;71;28;63408
CM;71;29;43204
CM;71;30;48854
CM;71;31;54697
CM;71;32;48010
CM;71;33;55100
CM;71;34;51203
CM;71;35;56890
CM;71;36;54160
CM;71;37;59619
CM;71;38;57295
CM;71;39;61430
CM;71;40;60185
CM;71;41;64215
CM;71;42;63594
CM;71;43;68645
CM;71;44;66819
CM;71;45;79235
CM;71;46;69436
CM;71;47;79203
CM;71;48;74994
CM;71;49;74082
CM;71;50;80605
CM;71;51;76538
CM;71;52;80086
CM;71;53;85932
CM;71;54;87994
CM;71;55;88809
CM;71;56;108167
CM;71;57;119540
CM;71;58;111129
CM;71;59;91557
CM;71;60;91080
CM;71;61;103608
CM;71;62;100363
CM;71;63;97854
CM;71;64;96366
CM;71;65;99285
CM;71;66;116170
CM;71;67;109172
CM;71;68;107307
CM;71;69;104219
CM;71;70;106330
CM;71;71;112892
CM;71;72;113874
CM;71;73;115479
CM;71;74;119590
CM;71;75;141423
CM;72;1;2661
CM;72;2;3038
CM;72;3;4565
CM;72;4;6228
CM;72;5;7989
CM;72;6;9496
CM;72;7;10712
CM;72;8;12543
CM;72;9;13751
CM;72;10;20725
CM;72;11;17421
CM;72;12;18856
CM;72;13;19902
CM;72;14;21291
CM;72;15;22654
CM;72;16;28086
CM;72;17;26337
CM;72;18;27613
CM;72;19;29119
CM;72;20;30281
CM;72;21;32522
CM;72;22;33891
CM;72;23;34988
CM;72;24;39654
CM;72;25;38880
CM;72;26;39620
CM;72;27;43869
CM;72;28;43326
CM;72;29;44419
CM;72;30;51507
CM;72;31;47488
CM;72;32;48601
CM;72;33;59016
CM;72;34;52509
CM;72;35;62434
CM;72;36;54980
CM;72;37;62383
CM;72;38;57778
CM;72;39;61598
CM;72;40;61583
CM;72;41;67747
CM;72;42;64390
CM;72;43;70119
CM;72;44;68252
CM;72;45;75466
CM;72;46;70285
CM;72;47;78214
CM;72;48;76771
CM;72;49;77383
CM;72;50;82153
CM;72;51;77869
CM;72;52;84303
CM;72;53;112812
CM;72;54;87407
CM;72;55;84203
CM;72;56;91594
CM;72;57;93330
CM;72;58;88210
CM;72;59;95812
CM;72;60;108703
CM;72;61;100125
CM;72;62;95788
CM;72;63;98725
CM;72;64;98102
CM;72;65;106408
CM;72;66;109086
CM;72;67;105817
CM;72;68;103846
CM;72;69;108712
CM;72;70;112047
CM;72;71;108683
CM;72;72;114578
CM;72;73;118519
CM;72;74;119921
CM;72;75;120612
CM;73;1;1618
CM;73;2;3083
CM;73;3;5181
CM;73;4;6140
CM;73;5;8126
CM;73;6;9729
CM;73;7;10936
CM;73;8;12579
CM;73;9;14294
CM;73;10;17336
CM;73;11;17554
CM;73;12;19943
CM;73;13;20149
CM;73;14;21649
CM;73;15;24189
CM;73;16;33814
CM;73;17;35372
CM;73;18;27871
CM;73;19;29390
CM;73;20;34223
CM;73;21;36054
CM;73;22;34226
CM;73;23;37340
CM;73;24;39337
CM;73;25;38870
CM;73;26;40043
CM;73;27;43751
CM;73;28;44225
CM;73;29;47172
CM;73;30;48527
CM;73;31;48665
CM;73;32;55284
CM;73;33;50848
CM;73;34;54485
CM;73;35;55301
CM;73;36;55482
CM;73;37;59925
CM;73;38;58284
CM;73;39;77983
CM;73;40;71711
CM;73;41;67830
CM;73;42;68818
CM;73;43;67406
CM;73;44;73359
CM;73;45;69530
CM;73;46;78479
CM;73;47;72842
CM;73;48;75550
CM;73;49;84819
CM;73;50;77980
CM;73;51;97368
CM;73;52;86539
CM;73;53;83224
CM;73;54;84542
CM;73;55;90732
CM;73;56;87687
CM;73;57;89994
CM;73;58;97075
CM;73;59;97419
CM;73;60;93889
CM;73;61;95011
CM;73;62;115978
CM;73;63;113883
CM;73;64;106455
CM;73;65;103548
CM;73;66;102513
CM;73;67;104707
CM;73;68;112587
CM;73;69;114547
CM;73;70;125896
CM;73;71;117209
CM;73;72;117929
CM;73;73;115517
CM;73;74;116466
CM;73;75;116241
CM;74;1;1598
CM;74;2;4400
CM;74;3;7568
CM;74;4;8922
CM;74;5;8039
CM;74;6;9732
CM;74;7;11181
CM;74;8;12411
CM;74;9;14297
CM;74;10;15516
CM;74;11;17389
CM;74;12;18902
CM;74;13;21842
CM;74;14;22564
CM;74;15;23954
CM;74;16;26104
CM;74;17;26395
CM;74;18;31946
CM;74;19;29825
CM;74;20;31527
CM;74;21;32930
CM;74;22;44929
CM;74;23;46353
CM;74;24;37823
CM;74;25;45314
CM;74;26;41532
CM;74;27;46714
CM;74;28;47306
CM;74;29;45363
CM;74;30;53957
CM;74;31;49418
CM;74;32;50121
CM;74;33;52665
CM;74;34;53515
CM;74;35;61047
CM;74;36;56384
CM;74;37;63871
CM;74;38;59617
CM;74;39;74524
CM;74;40;63634
CM;74;41;76261
CM;74;42;66369
CM;74;43;69447
CM;74;44;70876
CM;74;45;71638
CM;74;46;79228
CM;74;47;74067
CM;74;48;83263
CM;74;49;77064
CM;74;50;80193
CM;74;51;86303
CM;74;52;81255
CM;74;53;100233
CM;74;54;92910
CM;74;55;90895
CM;74;56;88585
CM;74;57;91892
CM;74;58;97311
CM;74;59;97332
CM;74;60;95843
CM;74;61;96669
CM;74;62;118412
CM;74;63;116264
CM;74;64;109904
CM;74;65;103855
CM;74;66;106313
CM;74;67;105659
CM;74;68;114158
CM;74;69;118046
CM;74;70;116682
CM;74;71;129189
CM;74;72;125455
CM;74;73;123636
CM;74;74;123634
CM;74;75;122316
CM;75;1;2062
CM;75;2;3631
CM;75;3;4719
CM;75;4;6544
CM;75;5;8139
CM;75;6;9824
CM;75;7;10996
CM;75;8;12889
CM;75;9;14297
CM;75;10;15793
CM;75;11;17984
CM;75;12;25993
CM;75;13;21289
CM;75;14;22044
CM;75;15;24279
CM;75;16;25479
CM;75;17;34992
CM;75;18;29330
CM;75;19;30173
CM;75;20;32082
CM;75;21;41335
CM;75;22;35232
CM;75;23;36527
CM;75;24;43047
CM;75;25;40295
CM;75;26;41597
CM;75;27;50619
CM;75;28;45219
CM;75;29;45740
CM;75;30;52645
CM;75;31;49572
CM;75;32;56173
CM;75;33;52413
CM;75;34;55528
CM;75;35;56572
CM;75;36;57337
CM;75;37;59828
CM;75;38;61461
CM;75;39;65645
CM;75;40;63514
CM;75;41;67990
CM;75;42;67945
CM;75;43;73065
CM;75;44;77555
CM;75;45;72277
CM;75;46;76612
CM;75;47;76789
CM;75;48;76229
CM;75;49;89113
CM;75;50;79026
CM;75;51;81987
CM;75;52;90488
CM;75;53;84782
CM;75;54;86538
CM;75;55;104930
CM;75;56;95455
CM;75;57;90013
CM;75;58;93735
CM;75;59;102050
CM;75;60;100185
CM;75;61;96856
CM;75;62;99158
CM;75;63;109806
CM;75;64;140745
CM;75;65;109689
CM;75;66;110719
CM;75;67;113769
CM;75;68;109690
CM;75;69;108990
CM;75;70;111954
CM;75;71;113950
CM;75;72;124989
CM;75;73;123753
CM;75;74;118639
CM;75;75;125560
