CM;1;1;58
CM;1;2;70
CM;1;3;72
CM;1;4;101
CM;1;5;119
CM;1;6;145
CM;1;7;171
CM;1;8;269
CM;1;9;261
CM;1;10;479
CM;1;11;541
CM;1;12;623
CM;1;13;621
CM;1;14;667
CM;1;15;762
CM;1;16;692
CM;1;17;737
CM;1;18;889
CM;1;19;856
CM;1;20;501
CM;1;21;973
CM;1;22;885
CM;1;23;1085
CM;1;24;1202
CM;1;25;1300
CM;1;26;1341
CM;1;27;1122
CM;1;28;1611
CM;1;29;1146
CM;1;30;1245
CM;1;31;1475
CM;1;32;1552
CM;1;33;3248
CM;1;34;1424
CM;1;35;1530
CM;1;36;2010
CM;1;37;1793
CM;1;38;1651
CM;1;39;1754
CM;1;40;973
CM;1;41;2213
CM;1;42;2175
CM;1;43;1765
CM;1;44;1828
CM;1;45;1894
CM;1;46;1134
CM;1;47;1521
CM;1;48;1833
CM;1;49;2022
CM;1;50;2039
CM;1;51;2343
CM;1;52;1300
CM;1;53;2677
CM;1;54;2718
CM;1;55;2705
CM;1;56;1433
CM;1;57;1435
CM;1;58;1473
CM;1;59;1528
CM;1;60;1453
CM;1;61;1560
CM;1;62;1483
CM;1;63;1581
CM;1;64;1845
CM;1;65;1604
CM;1;66;1613
CM;1;67;1691
CM;1;68;1670
CM;1;69;1706
CM;1;70;1791
CM;1;71;1745
CM;1;72;1723
CM;1;73;1815
CM;1;74;1817
CM;1;75;1825
CM;2;1;70
CM;2;2;95
CM;2;3;143
CM;2;4;275
CM;2;5;343
CM;2;6;412
CM;2;7;492
CM;2;8;558
CM;2;9;626
CM;2;10;697
CM;2;11;822
CM;2;12;834
CM;2;13;1042
CM;2;14;998
CM;2;15;1068
CM;2;16;1106
CM;2;17;1186
CM;2;18;1399
CM;2;19;1317
CM;2;20;1452
CM;2;21;1514
CM;2;22;1617
CM;2;23;1740
CM;2;24;1709
CM;2;25;1695
CM;2;26;1726
CM;2;27;1989
CM;2;28;1900
CM;2;29;2004
CM;2;30;2042
CM;2;31;2153
CM;2;32;2409
CM;2;33;2312
CM;2;34;3198
CM;2;35;2432
CM;2;36;2518
CM;2;37;2623
CM;2;38;2619
CM;2;39;3092
CM;2;40;4579
CM;2;41;4093
CM;2;42;2868
CM;2;43;2905
CM;2;44;4658
CM;2;45;6175
CM;2;46;3368
CM;2;47;3739
CM;2;48;4165
CM;2;49;3243
CM;2;50;3399
CM;2;51;3602
CM;2;52;4022
CM;2;53;3588
CM;2;54;3778
CM;2;55;3945
CM;2;56;3902
CM;2;57;3998
CM;2;58;4107
CM;2;59;4132
CM;2;60;4228
CM;2;61;4249
CM;2;62;4352
CM;2;63;4631
CM;2;64;4813
CM;2;65;4627
CM;2;66;4679
CM;2;67;4942
CM;2;68;4934
CM;2;69;4855
CM;2;70;5074
CM;2;71;5138
CM;2;72;5929
CM;2;73;4807
CM;2;74;5447
CM;2;75;7673
CM;3;1;85
CM;3;2;283
CM;3;3;209
CM;3;4;278
CM;3;5;349
CM;3;6;433
CM;3;7;558
CM;3;8;897
CM;3;9;900
CM;3;10;736
CM;3;11;826
CM;3;12;878
CM;3;13;946
CM;3;14;1031
CM;3;15;1158
CM;3;16;1243
CM;3;17;1225
CM;3;18;1805
CM;3;19;1364
CM;3;20;1484
CM;3;21;1503
CM;3;22;1696
CM;3;23;1679
CM;3;24;1852
CM;3;25;1859
CM;3;26;1901
CM;3;27;1977
CM;3;28;2455
CM;3;29;2636
CM;3;30;2196
CM;3;31;2234
CM;3;32;2383
CM;3;33;2462
CM;3;34;2529
CM;3;35;2586
CM;3;36;2652
CM;3;37;2709
CM;3;38;2810
CM;3;39;2816
CM;3;40;2957
CM;3;41;3064
CM;3;42;3102
CM;3;43;3179
CM;3;44;3243
CM;3;45;3347
CM;3;46;3425
CM;3;47;3394
CM;3;48;3702
CM;3;49;3551
CM;3;50;3655
CM;3;51;3763
CM;3;52;3802
CM;3;53;3903
CM;3;54;6298
CM;3;55;4013
CM;3;56;5121
CM;3;57;4241
CM;3;58;4560
CM;3;59;4300
CM;3;60;4481
CM;3;61;4490
CM;3;62;4629
CM;3;63;4786
CM;3;64;4709
CM;3;65;4942
CM;3;66;4838
CM;3;67;5061
CM;3;68;5044
CM;3;69;5178
CM;3;70;5101
CM;3;71;5222
CM;3;72;5265
CM;3;73;5314
CM;3;74;5690
CM;3;75;5606
CM;4;1;93
CM;4;2;217
CM;4;3;278
CM;4;4;370
CM;4;5;483
CM;4;6;554
CM;4;7;688
CM;4;8;779
CM;4;9;832
CM;4;10;963
CM;4;11;1075
CM;4;12;1156
CM;4;13;1391
CM;4;14;1422
CM;4;15;1459
CM;4;16;1569
CM;4;17;1673
CM;4;18;1800
CM;4;19;2226
CM;4;20;2448
CM;4;21;2682
CM;4;22;3476
CM;4;23;2294
CM;4;24;2449
CM;4;25;3388
CM;4;26;3411
CM;4;27;2658
CM;4;28;3272
CM;4;29;2825
CM;4;30;2959
CM;4;31;3082
CM;4;32;3151
CM;4;33;3594
CM;4;34;3465
CM;4;35;3541
CM;4;36;3603
CM;4;37;3710
CM;4;38;3730
CM;4;39;4088
CM;4;40;3903
CM;4;41;4039
CM;4;42;4194
CM;4;43;4157
CM;4;44;4524
CM;4;45;4442
CM;4;46;4613
CM;4;47;4606
CM;4;48;4669
CM;4;49;4840
CM;4;50;4968
CM;4;51;5143
CM;4;52;5350
CM;4;53;5339
CM;4;54;5680
CM;4;55;5337
CM;4;56;7620
CM;4;57;5594
CM;4;58;5711
CM;4;59;5989
CM;4;60;5890
CM;4;61;7647
CM;4;62;6310
CM;4;63;6208
CM;4;64;6369
CM;4;65;6820
CM;4;66;6794
CM;4;67;6618
CM;4;68;6992
CM;4;69;6716
CM;4;70;6879
CM;4;71;6946
CM;4;72;7013
CM;4;73;7126
CM;4;74;9052
CM;4;75;10523
CM;5;1;237
CM;5;2;232
CM;5;3;348
CM;5;4;464
CM;5;5;580
CM;5;6;787
CM;5;7;1420
CM;5;8;1402
CM;5;9;1118
CM;5;10;1245
CM;5;11;1369
CM;5;12;1431
CM;5;13;1818
CM;5;14;2546
CM;5;15;1810
CM;5;16;1972
CM;5;17;2221
CM;5;18;2174
CM;5;19;2343
CM;5;20;2434
CM;5;21;2610
CM;5;22;2700
CM;5;23;2815
CM;5;24;2927
CM;5;25;3090
CM;5;26;3209
CM;5;27;3647
CM;5;28;3367
CM;5;29;3597
CM;5;30;3933
CM;5;31;3753
CM;5;32;3935
CM;5;33;3984
CM;5;34;4248
CM;5;35;5334
CM;5;36;4397
CM;5;37;4575
CM;5;38;4727
CM;5;39;4885
CM;5;40;4897
CM;5;41;5477
CM;5;42;6892
CM;5;43;5474
CM;5;44;7389
CM;5;45;5626
CM;5;46;5785
CM;5;47;5747
CM;5;48;6574
CM;5;49;6011
CM;5;50;6217
CM;5;51;6394
CM;5;52;6358
CM;5;53;6936
CM;5;54;6667
CM;5;55;6745
CM;5;56;7116
CM;5;57;6974
CM;5;58;7101
CM;5;59;7188
CM;5;60;7449
CM;5;61;7390
CM;5;62;9798
CM;5;63;10784
CM;5;64;13336
CM;5;65;8132
CM;5;66;9342
CM;5;67;8244
CM;5;68;8398
CM;5;69;8595
CM;5;70;8782
CM;5;71;8695
CM;5;72;8950
CM;5;73;8944
CM;5;74;9004
CM;5;75;9313
CM;6;1;139
CM;6;2;332
CM;6;3;460
CM;6;4;641
CM;6;5;763
CM;6;6;875
CM;6;7;1286
CM;6;8;1774
CM;6;9;3231
CM;6;10;2429
CM;6;11;2121
CM;6;12;3520
CM;6;13;1879
CM;6;14;2038
CM;6;15;2183
CM;6;16;3698
CM;6;17;2456
CM;6;18;3589
CM;6;19;2827
CM;6;20;3242
CM;6;21;3020
CM;6;22;3188
CM;6;23;3790
CM;6;24;3533
CM;6;25;3669
CM;6;26;3916
CM;6;27;3985
CM;6;28;4371
CM;6;29;4252
CM;6;30;4440
CM;6;31;4537
CM;6;32;4650
CM;6;33;4859
CM;6;34;4932
CM;6;35;5241
CM;6;36;5235
CM;6;37;5596
CM;6;38;5638
CM;6;39;5768
CM;6;40;6087
CM;6;41;5987
CM;6;42;8090
CM;6;43;9040
CM;6;44;6826
CM;6;45;7266
CM;6;46;7040
CM;6;47;7049
CM;6;48;7270
CM;6;49;7309
CM;6;50;7679
CM;6;51;7755
CM;6;52;7828
CM;6;53;7782
CM;6;54;9403
CM;6;55;8063
CM;6;56;8260
CM;6;57;8312
CM;6;58;9952
CM;6;59;8743
CM;6;60;9126
CM;6;61;9261
CM;6;62;9240
CM;6;63;9309
CM;6;64;9499
CM;6;65;9773
CM;6;66;9855
CM;6;67;9961
CM;6;68;10026
CM;6;69;10350
CM;6;70;10295
CM;6;71;13477
CM;6;72;13294
CM;6;73;11577
CM;6;74;11326
CM;6;75;11281
CM;7;1;163
CM;7;2;385
CM;7;3;546
CM;7;4;648
CM;7;5;854
CM;7;6;1016
CM;7;7;1317
CM;7;8;1574
CM;7;9;1589
CM;7;10;1696
CM;7;11;1832
CM;7;12;2326
CM;7;13;2900
CM;7;14;2383
CM;7;15;2597
CM;7;16;2753
CM;7;17;3338
CM;7;18;3053
CM;7;19;3319
CM;7;20;3451
CM;7;21;3594
CM;7;22;3763
CM;7;23;4030
CM;7;24;4094
CM;7;25;4326
CM;7;26;4398
CM;7;27;4603
CM;7;28;4809
CM;7;29;6160
CM;7;30;5928
CM;7;31;6839
CM;7;32;5479
CM;7;33;6149
CM;7;34;5838
CM;7;35;6415
CM;7;36;6161
CM;7;37;6324
CM;7;38;6653
CM;7;39;6658
CM;7;40;7014
CM;7;41;7125
CM;7;42;7174
CM;7;43;7334
CM;7;44;7515
CM;7;45;7832
CM;7;46;8133
CM;7;47;8002
CM;7;48;10380
CM;7;49;13737
CM;7;50;8833
CM;7;51;8783
CM;7;52;9070
CM;7;53;9227
CM;7;54;9343
CM;7;55;10544
CM;7;56;9933
CM;7;57;10031
CM;7;58;10182
CM;7;59;10335
CM;7;60;10645
CM;7;61;11149
CM;7;62;14044
CM;7;63;17625
CM;7;64;16933
CM;7;65;12353
CM;7;66;11602
CM;7;67;11756
CM;7;68;11707
CM;7;69;11928
CM;7;70;11972
CM;7;71;12408
CM;7;72;13189
CM;7;73;15765
CM;7;74;13482
CM;7;75;13448
CM;8;1;186
CM;8;2;423
CM;8;3;556
CM;8;4;837
CM;8;5;1006
CM;8;6;1196
CM;8;7;1390
CM;8;8;1545
CM;8;9;1734
CM;8;10;1925
CM;8;11;2175
CM;8;12;2522
CM;8;13;2497
CM;8;14;2759
CM;8;15;2891
CM;8;16;3132
CM;8;17;3285
CM;8;18;3535
CM;8;19;3758
CM;8;20;4131
CM;8;21;4177
CM;8;22;4632
CM;8;23;4475
CM;8;24;4785
CM;8;25;4985
CM;8;26;5184
CM;8;27;5952
CM;8;28;6450
CM;8;29;7639
CM;8;30;5873
CM;8;31;6745
CM;8;32;6339
CM;8;33;6476
CM;8;34;7038
CM;8;35;6880
CM;8;36;7331
CM;8;37;7339
CM;8;38;7450
CM;8;39;7790
CM;8;40;7821
CM;8;41;8025
CM;8;42;8269
CM;8;43;8431
CM;8;44;10609
CM;8;45;12015
CM;8;46;9102
CM;8;47;9380
CM;8;48;9875
CM;8;49;9690
CM;8;50;10044
CM;8;51;10164
CM;8;52;10553
CM;8;53;10473
CM;8;54;10862
CM;8;55;11089
CM;8;56;10961
CM;8;57;13957
CM;8;58;12639
CM;8;59;11803
CM;8;60;11923
CM;8;61;11977
CM;8;62;12363
CM;8;63;12290
CM;8;64;12564
CM;8;65;12724
CM;8;66;13321
CM;8;67;15357
CM;8;68;15810
CM;8;69;13468
CM;8;70;13831
CM;8;71;14105
CM;8;72;14161
CM;8;73;14228
CM;8;74;14490
CM;8;75;14747
CM;9;1;209
CM;9;2;419
CM;9;3;739
CM;9;4;1116
CM;9;5;1085
CM;9;6;1391
CM;9;7;1507
CM;9;8;1785
CM;9;9;2317
CM;9;10;3147
CM;9;11;2437
CM;9;12;3498
CM;9;13;3170
CM;9;14;3039
CM;9;15;3918
CM;9;16;3476
CM;9;17;3779
CM;9;18;4448
CM;9;19;4181
CM;9;20;4480
CM;9;21;4624
CM;9;22;4834
CM;9;23;5028
CM;9;24;5306
CM;9;25;5881
CM;9;26;5834
CM;9;27;6320
CM;9;28;6261
CM;9;29;6424
CM;9;30;6577
CM;9;31;6771
CM;9;32;7232
CM;9;33;7247
CM;9;34;10162
CM;9;35;12408
CM;9;36;11927
CM;9;37;8163
CM;9;38;11817
CM;9;39;8940
CM;9;40;8797
CM;9;41;9188
CM;9;42;9658
CM;9;43;9403
CM;9;44;9689
CM;9;45;10310
CM;9;46;10092
CM;9;47;10542
CM;9;48;15195
CM;9;49;10868
CM;9;50;11039
CM;9;51;11489
CM;9;52;11896
CM;9;53;11980
CM;9;54;11914
CM;9;55;12373
CM;9;56;12451
CM;9;57;12560
CM;9;58;12851
CM;9;59;14423
CM;9;60;14249
CM;9;61;13840
CM;9;62;13851
CM;9;63;14169
CM;9;64;14390
CM;9;65;14689
CM;9;66;14879
CM;9;67;18076
CM;9;68;17776
CM;9;69;15891
CM;9;70;15661
CM;9;71;15777
CM;9;72;16189
CM;9;73;16370
CM;9;74;16776
CM;9;75;18751
CM;10;1;241
CM;10;2;479
CM;10;3;748
CM;10;4;962
CM;10;5;1263
CM;10;6;1498
CM;10;7;3226
CM;10;8;1947
CM;10;9;2499
CM;10;10;2440
CM;10;11;3114
CM;10;12;3006
CM;10;13;3121
CM;10;14;3769
CM;10;15;3722
CM;10;16;3934
CM;10;17;4206
CM;10;18;4617
CM;10;19;4791
CM;10;20;4861
CM;10;21;5107
CM;10;22;5487
CM;10;23;5635
CM;10;24;5938
CM;10;25;6245
CM;10;26;6357
CM;10;27;7097
CM;10;28;7915
CM;10;29;7291
CM;10;30;7299
CM;10;31;7810
CM;10;32;10043
CM;10;33;9318
CM;10;34;11240
CM;10;35;8851
CM;10;36;8923
CM;10;37;9357
CM;10;38;9597
CM;10;39;10003
CM;10;40;9925
CM;10;41;10495
CM;10;42;10662
CM;10;43;10546
CM;10;44;12873
CM;10;45;14168
CM;10;46;11266
CM;10;47;11917
CM;10;48;12214
CM;10;49;12228
CM;10;50;12288
CM;10;51;12487
CM;10;52;12882
CM;10;53;13262
CM;10;54;14485
CM;10;55;18107
CM;10;56;16422
CM;10;57;14042
CM;10;58;14255
CM;10;59;14619
CM;10;60;14818
CM;10;61;14907
CM;10;62;15298
CM;10;63;17552
CM;10;64;19288
CM;10;65;16754
CM;10;66;16082
CM;10;67;16351
CM;10;68;16482
CM;10;69;18382
CM;10;70;17082
CM;10;71;21499
CM;10;72;19067
CM;10;73;18258
CM;10;74;18259
CM;10;75;18574
CM;11;1;309
CM;11;2;570
CM;11;3;811
CM;11;4;1069
CM;11;5;1318
CM;11;6;1569
CM;11;7;2361
CM;11;8;2115
CM;11;9;2460
CM;11;10;2694
CM;11;11;3324
CM;11;12;3188
CM;11;13;3513
CM;11;14;3783
CM;11;15;4029
CM;11;16;5524
CM;11;17;4501
CM;11;18;6463
CM;11;19;5864
CM;11;20;6758
CM;11;21;5657
CM;11;22;5977
CM;11;23;6478
CM;11;24;6595
CM;11;25;6948
CM;11;26;7040
CM;11;27;7439
CM;11;28;7610
CM;11;29;8124
CM;11;30;8048
CM;11;31;8571
CM;11;32;8830
CM;11;33;9000
CM;11;34;9965
CM;11;35;11604
CM;11;36;11437
CM;11;37;11186
CM;11;38;10829
CM;11;39;10785
CM;11;40;10865
CM;11;41;11123
CM;11;42;11284
CM;11;43;11801
CM;11;44;12075
CM;11;45;12178
CM;11;46;12338
CM;11;47;15934
CM;11;48;14352
CM;11;49;15247
CM;11;50;13820
CM;11;51;13846
CM;11;52;14231
CM;11;53;14793
CM;11;54;14550
CM;11;55;16542
CM;11;56;18949
CM;11;57;15686
CM;11;58;16008
CM;11;59;16269
CM;11;60;16980
CM;11;61;16488
CM;11;62;16857
CM;11;63;16999
CM;11;64;24404
CM;11;65;23044
CM;11;66;18200
CM;11;67;18325
CM;11;68;18390
CM;11;69;18830
CM;11;70;24554
CM;11;71;19512
CM;11;72;20960
CM;11;73;20014
CM;11;74;20409
CM;11;75;20381
CM;12;1;278
CM;12;2;632
CM;12;3;876
CM;12;4;1154
CM;12;5;1563
CM;12;6;1752
CM;12;7;2031
CM;12;8;2795
CM;12;9;3098
CM;12;10;2925
CM;12;11;5040
CM;12;12;4227
CM;12;13;4731
CM;12;14;4083
CM;12;15;4397
CM;12;16;4641
CM;12;17;5027
CM;12;18;5278
CM;12;19;5556
CM;12;20;5822
CM;12;21;6225
CM;12;22;6452
CM;12;23;7000
CM;12;24;7052
CM;12;25;7626
CM;12;26;7824
CM;12;27;8268
CM;12;28;8131
CM;12;29;8476
CM;12;30;10421
CM;12;31;11464
CM;12;32;10092
CM;12;33;9913
CM;12;34;9980
CM;12;35;10231
CM;12;36;10663
CM;12;37;11102
CM;12;38;11164
CM;12;39;11724
CM;12;40;11926
CM;12;41;12133
CM;12;42;16419
CM;12;43;13023
CM;12;44;13454
CM;12;45;13480
CM;12;46;13599
CM;12;47;14021
CM;12;48;14588
CM;12;49;14607
CM;12;50;14614
CM;12;51;18542
CM;12;52;15898
CM;12;53;15790
CM;12;54;15698
CM;12;55;18697
CM;12;56;28965
CM;12;57;18469
CM;12;58;22992
CM;12;59;17845
CM;12;60;17987
CM;12;61;21177
CM;12;62;19233
CM;12;63;18463
CM;12;64;19349
CM;12;65;20048
CM;12;66;26991
CM;12;67;19682
CM;12;68;20337
CM;12;69;20674
CM;12;70;20431
CM;12;71;27262
CM;12;72;22123
CM;12;73;22198
CM;12;74;23342
CM;12;75;22613
CM;13;1;302
CM;13;2;648
CM;13;3;950
CM;13;4;1445
CM;13;5;1593
CM;13;6;1849
CM;13;7;2317
CM;13;8;2541
CM;13;9;4363
CM;13;10;4208
CM;13;11;3515
CM;13;12;4664
CM;13;13;4190
CM;13;14;4908
CM;13;15;4740
CM;13;16;5656
CM;13;17;5453
CM;13;18;6016
CM;13;19;6293
CM;13;20;6342
CM;13;21;6658
CM;13;22;6930
CM;13;23;7571
CM;13;24;8134
CM;13;25;8348
CM;13;26;8409
CM;13;27;8654
CM;13;28;9190
CM;13;29;12994
CM;13;30;9807
CM;13;31;10203
CM;13;32;10401
CM;13;33;10895
CM;13;34;10965
CM;13;35;11184
CM;13;36;12299
CM;13;37;11830
CM;13;38;12232
CM;13;39;12811
CM;13;40;15056
CM;13;41;13077
CM;13;42;13727
CM;13;43;13912
CM;13;44;14192
CM;13;45;14265
CM;13;46;14707
CM;13;47;15520
CM;13;48;18779
CM;13;49;17882
CM;13;50;16257
CM;13;51;16811
CM;13;52;16980
CM;13;53;16975
CM;13;54;17361
CM;13;55;19434
CM;13;56;19166
CM;13;57;18755
CM;13;58;18575
CM;13;59;20426
CM;13;60;19229
CM;13;61;19875
CM;13;62;26734
CM;13;63;20535
CM;13;64;21098
CM;13;65;21586
CM;13;66;20886
CM;13;67;21708
CM;13;68;26238
CM;13;69;23117
CM;13;70;22255
CM;13;71;22936
CM;13;72;23039
CM;13;73;26818
CM;13;74;24536
CM;13;75;24140
CM;14;1;430
CM;14;2;708
CM;14;3;1101
CM;14;4;1703
CM;14;5;2142
CM;14;6;2591
CM;14;7;3002
CM;14;8;3441
CM;14;9;4566
CM;14;10;4294
CM;14;11;4806
CM;14;12;5532
CM;14;13;5961
CM;14;14;6046
CM;14;15;6568
CM;14;16;6850
CM;14;17;7315
CM;14;18;8791
CM;14;19;10289
CM;14;20;8634
CM;14;21;8894
CM;14;22;9425
CM;14;23;9958
CM;14;24;10601
CM;14;25;11210
CM;14;26;11277
CM;14;27;11830
CM;14;28;12528
CM;14;29;12552
CM;14;30;13893
CM;14;31;14974
CM;14;32;14548
CM;14;33;14546
CM;14;34;15238
CM;14;35;15025
CM;14;36;15937
CM;14;37;16174
CM;14;38;16513
CM;14;39;18513
CM;14;40;19188
CM;14;41;18389
CM;14;42;18465
CM;14;43;18553
CM;14;44;18982
CM;14;45;19728
CM;14;46;20124
CM;14;47;24765
CM;14;48;22017
CM;14;49;21694
CM;14;50;21837
CM;14;51;22050
CM;14;52;22673
CM;14;53;27466
CM;14;54;33017
CM;14;55;24093
CM;14;56;24829
CM;14;57;24701
CM;14;58;29180
CM;14;59;25569
CM;14;60;25839
CM;14;61;26349
CM;14;62;27784
CM;14;63;31022
CM;14;64;30273
CM;14;65;29426
CM;14;66;28957
CM;14;67;28872
CM;14;68;32354
CM;14;69;29867
CM;14;70;30525
CM;14;71;31009
CM;14;72;34542
CM;14;73;32822
CM;14;74;32595
CM;14;75;32474
CM;15;1;360
CM;15;2;711
CM;15;3;1106
CM;15;4;1479
CM;15;5;1823
CM;15;6;2196
CM;15;7;2722
CM;15;8;2924
CM;15;9;3678
CM;15;10;3776
CM;15;11;4257
CM;15;12;6255
CM;15;13;5055
CM;15;14;5273
CM;15;15;6027
CM;15;16;5874
CM;15;17;6773
CM;15;18;6646
CM;15;19;7039
CM;15;20;7459
CM;15;21;7903
CM;15;22;8007
CM;15;23;8425
CM;15;24;8879
CM;15;25;9526
CM;15;26;9548
CM;15;27;10076
CM;15;28;12174
CM;15;29;12709
CM;15;30;11777
CM;15;31;11981
CM;15;32;11813
CM;15;33;12063
CM;15;34;12419
CM;15;35;13101
CM;15;36;13548
CM;15;37;13707
CM;15;38;16648
CM;15;39;18028
CM;15;40;16413
CM;15;41;15852
CM;15;42;30478
CM;15;43;25785
CM;15;44;29372
CM;15;45;33419
CM;15;46;24102
CM;15;47;25007
CM;15;48;25761
CM;15;49;35831
CM;15;50;26744
CM;15;51;30716
CM;15;52;19887
CM;15;53;19735
CM;15;54;22108
CM;15;55;23956
CM;15;56;21125
CM;15;57;21473
CM;15;58;21764
CM;15;59;21690
CM;15;60;24452
CM;15;61;23725
CM;15;62;22908
CM;15;63;23510
CM;15;64;31843
CM;15;65;29038
CM;15;66;33372
CM;15;67;28420
CM;15;68;25073
CM;15;69;25501
CM;15;70;33303
CM;15;71;29957
CM;15;72;27259
CM;15;73;27103
CM;15;74;28170
CM;15;75;31109
CM;16;1;372
CM;16;2;1117
CM;16;3;1228
CM;16;4;1739
CM;16;5;2001
CM;16;6;2431
CM;16;7;2839
CM;16;8;3109
CM;16;9;3498
CM;16;10;4040
CM;16;11;4375
CM;16;12;4771
CM;16;13;5276
CM;16;14;5534
CM;16;15;6100
CM;16;16;6307
CM;16;17;6745
CM;16;18;7106
CM;16;19;7438
CM;16;20;8055
CM;16;21;8424
CM;16;22;10449
CM;16;23;13485
CM;16;24;14623
CM;16;25;9794
CM;16;26;10141
CM;16;27;10523
CM;16;28;18017
CM;16;29;11379
CM;16;30;11798
CM;16;31;12322
CM;16;32;14726
CM;16;33;15593
CM;16;34;14096
CM;16;35;13841
CM;16;36;15494
CM;16;37;14519
CM;16;38;15193
CM;16;39;15305
CM;16;40;15700
CM;16;41;19303
CM;16;42;18385
CM;16;43;17046
CM;16;44;18956
CM;16;45;18487
CM;16;46;18320
CM;16;47;18718
CM;16;48;22037
CM;16;49;20545
CM;16;50;20108
CM;16;51;20249
CM;16;52;20558
CM;16;53;20839
CM;16;54;22985
CM;16;55;23390
CM;16;56;22519
CM;16;57;22392
CM;16;58;22736
CM;16;59;23417
CM;16;60;29890
CM;16;61;25965
CM;16;62;25019
CM;16;63;25374
CM;16;64;25797
CM;16;65;30890
CM;16;66;27104
CM;16;67;26560
CM;16;68;26971
CM;16;69;27103
CM;16;70;32174
CM;16;71;35117
CM;16;72;29063
CM;16;73;29195
CM;16;74;29025
CM;16;75;37612
CM;17;1;408
CM;17;2;1083
CM;17;3;1266
CM;17;4;1762
CM;17;5;2128
CM;17;6;2468
CM;17;7;3167
CM;17;8;3288
CM;17;9;3854
CM;17;10;4410
CM;17;11;4601
CM;17;12;4951
CM;17;13;5441
CM;17;14;5776
CM;17;15;6294
CM;17;16;6618
CM;17;17;7083
CM;17;18;7432
CM;17;19;7879
CM;17;20;10186
CM;17;21;9293
CM;17;22;9204
CM;17;23;9697
CM;17;24;10198
CM;17;25;10352
CM;17;26;10984
CM;17;27;11318
CM;17;28;11634
CM;17;29;12066
CM;17;30;12561
CM;17;31;12813
CM;17;32;14753
CM;17;33;14928
CM;17;34;14609
CM;17;35;14953
CM;17;36;15002
CM;17;37;15460
CM;17;38;15755
CM;17;39;16404
CM;17;40;21717
CM;17;41;17577
CM;17;42;17541
CM;17;43;18323
CM;17;44;18733
CM;17;45;18836
CM;17;46;24088
CM;17;47;24048
CM;17;48;20879
CM;17;49;20660
CM;17;50;21272
CM;17;51;21436
CM;17;52;22033
CM;17;53;25805
CM;17;54;23075
CM;17;55;23217
CM;17;56;23375
CM;17;57;23640
CM;17;58;27268
CM;17;59;30497
CM;17;60;25624
CM;17;61;26049
CM;17;62;25919
CM;17;63;28253
CM;17;64;29677
CM;17;65;28275
CM;17;66;28504
CM;17;67;28130
CM;17;68;30010
CM;17;69;28747
CM;17;70;29090
CM;17;71;29607
CM;17;72;33632
CM;17;73;31577
CM;17;74;31038
CM;17;75;31166
CM;18;1;420
CM;18;2;881
CM;18;3;1343
CM;18;4;1834
CM;18;5;2171
CM;18;6;2655
CM;18;7;3051
CM;18;8;3575
CM;18;9;5954
CM;18;10;5397
CM;18;11;4870
CM;18;12;5510
CM;18;13;5755
CM;18;14;6338
CM;18;15;6614
CM;18;16;7574
CM;18;17;7538
CM;18;18;8034
CM;18;19;8298
CM;18;20;8886
CM;18;21;9390
CM;18;22;9711
CM;18;23;10027
CM;18;24;10809
CM;18;25;13993
CM;18;26;11952
CM;18;27;12353
CM;18;28;12430
CM;18;29;12908
CM;18;30;13493
CM;18;31;13910
CM;18;32;14236
CM;18;33;14674
CM;18;34;15003
CM;18;35;20299
CM;18;36;16748
CM;18;37;16434
CM;18;38;16755
CM;18;39;17755
CM;18;40;18302
CM;18;41;18544
CM;18;42;22526
CM;18;43;19700
CM;18;44;19553
CM;18;45;20026
CM;18;46;20264
CM;18;47;20773
CM;18;48;21396
CM;18;49;35872
CM;18;50;22458
CM;18;51;22807
CM;18;52;23122
CM;18;53;23543
CM;18;54;29696
CM;18;55;29944
CM;18;56;25398
CM;18;57;25464
CM;18;58;25719
CM;18;59;28926
CM;18;60;28783
CM;18;61;27301
CM;18;62;27424
CM;18;63;28272
CM;18;64;31482
CM;18;65;29585
CM;18;66;30179
CM;18;67;30414
CM;18;68;35901
CM;18;69;34115
CM;18;70;31449
CM;18;71;31462
CM;18;72;37841
CM;18;73;37545
CM;18;74;33431
CM;18;75;33004
CM;19;1;455
CM;19;2;1247
CM;19;3;1407
CM;19;4;1928
CM;19;5;2528
CM;19;6;4166
CM;19;7;3254
CM;19;8;3942
CM;19;9;5754
CM;19;10;5008
CM;19;11;5421
CM;19;12;5696
CM;19;13;6799
CM;19;14;6550
CM;19;15;6939
CM;19;16;7563
CM;19;17;8117
CM;19;18;8927
CM;19;19;8820
CM;19;20;9250
CM;19;21;9764
CM;19;22;12276
CM;19;23;12328
CM;19;24;18218
CM;19;25;13644
CM;19;26;16668
CM;19;27;12599
CM;19;28;13528
CM;19;29;13706
CM;19;30;14266
CM;19;31;14608
CM;19;32;20092
CM;19;33;17204
CM;19;34;16337
CM;19;35;16698
CM;19;36;16895
CM;19;37;17377
CM;19;38;17639
CM;19;39;20639
CM;19;40;25536
CM;19;41;19767
CM;19;42;19611
CM;19;43;21858
CM;19;44;20466
CM;19;45;21122
CM;19;46;26121
CM;19;47;23495
CM;19;48;22484
CM;19;49;22996
CM;19;50;23570
CM;19;51;25837
CM;19;52;26468
CM;19;53;24990
CM;19;54;26679
CM;19;55;25977
CM;19;56;29095
CM;19;57;27600
CM;19;58;27226
CM;19;59;27895
CM;19;60;27966
CM;19;61;34780
CM;19;62;29392
CM;19;63;29858
CM;19;64;30095
CM;19;65;33743
CM;19;66;40885
CM;19;67;31438
CM;19;68;32292
CM;19;69;36650
CM;19;70;33967
CM;19;71;33800
CM;19;72;33601
CM;19;73;39470
CM;19;74;34935
CM;19;75;35099
CM;20;1;711
CM;20;2;981
CM;20;3;1453
CM;20;4;3149
CM;20;5;3491
CM;20;6;4155
CM;20;7;5254
CM;20;8;5560
CM;20;9;6546
CM;20;10;8416
CM;20;11;9037
CM;20;12;8551
CM;20;13;9871
CM;20;14;10168
CM;20;15;10699
CM;20;16;11434
CM;20;17;12475
CM;20;18;12917
CM;20;19;13680
CM;20;20;14196
CM;20;21;14837
CM;20;22;16567
CM;20;23;21697
CM;20;24;16809
CM;20;25;17620
CM;20;26;18279
CM;20;27;19040
CM;20;28;20145
CM;20;29;20454
CM;20;30;28130
CM;20;31;22235
CM;20;32;22347
CM;20;33;23911
CM;20;34;24050
CM;20;35;24984
CM;20;36;27787
CM;20;37;26285
CM;20;38;27041
CM;20;39;27524
CM;20;40;29666
CM;20;41;41406
CM;20;42;29211
CM;20;43;30651
CM;20;44;33083
CM;20;45;48091
CM;20;46;32393
CM;20;47;33771
CM;20;48;34257
CM;20;49;38608
CM;20;50;35717
CM;20;51;36396
CM;20;52;36560
CM;20;53;39715
CM;20;54;40029
CM;20;55;39000
CM;20;56;43264
CM;20;57;40564
CM;20;58;41008
CM;20;59;43191
CM;20;60;46090
CM;20;61;43094
CM;20;62;44415
CM;20;63;48029
CM;20;64;46270
CM;20;65;46646
CM;20;66;49554
CM;20;67;47686
CM;20;68;47422
CM;20;69;64564
CM;20;70;49875
CM;20;71;52910
CM;20;72;53082
CM;20;73;51915
CM;20;74;59035
CM;20;75;52944
CM;21;1;486
CM;21;2;1271
CM;21;3;1983
CM;21;4;2034
CM;21;5;2565
CM;21;6;3083
CM;21;7;3876
CM;21;8;4261
CM;21;9;5044
CM;21;10;5106
CM;21;11;6102
CM;21;12;6110
CM;21;13;6922
CM;21;14;8598
CM;21;15;8635
CM;21;16;8755
CM;21;17;9304
CM;21;18;9596
CM;21;19;9705
CM;21;20;10896
CM;21;21;10991
CM;21;22;11812
CM;21;23;12021
CM;21;24;12488
CM;21;25;13224
CM;21;26;16623
CM;21;27;14553
CM;21;28;14532
CM;21;29;15278
CM;21;30;15476
CM;21;31;15920
CM;21;32;16448
CM;21;33;17086
CM;21;34;28057
CM;21;35;19335
CM;21;36;19753
CM;21;37;19468
CM;21;38;19888
CM;21;39;20325
CM;21;40;25304
CM;21;41;24570
CM;21;42;22701
CM;21;43;22647
CM;21;44;24037
CM;21;45;24908
CM;21;46;31266
CM;21;47;24702
CM;21;48;24853
CM;21;49;25235
CM;21;50;27948
CM;21;51;32095
CM;21;52;27419
CM;21;53;28162
CM;21;54;27929
CM;21;55;35153
CM;21;56;29289
CM;21;57;29561
CM;21;58;30239
CM;21;59;35879
CM;21;60;32000
CM;21;61;31859
CM;21;62;32149
CM;21;63;35805
CM;21;64;34327
CM;21;65;34159
CM;21;66;34221
CM;21;67;39569
CM;21;68;35550
CM;21;69;35466
CM;21;70;36862
CM;21;71;41051
CM;21;72;37670
CM;21;73;38593
CM;21;74;45386
CM;21;75;39396
CM;22;1;590
CM;22;2;1080
CM;22;3;1620
CM;22;4;2151
CM;22;5;2868
CM;22;6;3280
CM;22;7;3872
CM;22;8;4327
CM;22;9;4846
CM;22;10;5334
CM;22;11;5933
CM;22;12;6897
CM;22;13;7045
CM;22;14;9308
CM;22;15;8987
CM;22;16;13136
CM;22;17;10001
CM;22;18;10289
CM;22;19;10787
CM;22;20;10886
CM;22;21;11443
CM;22;22;12033
CM;22;23;12299
CM;22;24;12866
CM;22;25;15373
CM;22;26;14853
CM;22;27;14973
CM;22;28;15239
CM;22;29;15883
CM;22;30;16938
CM;22;31;16982
CM;22;32;17359
CM;22;33;19859
CM;22;34;19918
CM;22;35;19505
CM;22;36;19551
CM;22;37;20104
CM;22;38;20673
CM;22;39;21071
CM;22;40;26959
CM;22;41;22412
CM;22;42;22893
CM;22;43;23447
CM;22;44;23892
CM;22;45;31092
CM;22;46;26540
CM;22;47;25744
CM;22;48;26115
CM;22;49;27720
CM;22;50;38842
CM;22;51;28141
CM;22;52;28213
CM;22;53;28768
CM;22;54;30878
CM;22;55;36197
CM;22;56;30884
CM;22;57;31405
CM;22;58;37095
CM;22;59;34526
CM;22;60;32955
CM;22;61;32943
CM;22;62;41367
CM;22;63;34281
CM;22;64;34612
CM;22;65;35277
CM;22;66;40111
CM;22;67;36622
CM;22;68;37108
CM;22;69;47344
CM;22;70;38227
CM;22;71;38400
CM;22;72;40607
CM;22;73;40009
CM;22;74;40435
CM;22;75;41548
CM;23;1;578
CM;23;2;1161
CM;23;3;2863
CM;23;4;2247
CM;23;5;2888
CM;23;6;3838
CM;23;7;5028
CM;23;8;5398
CM;23;9;5477
CM;23;10;5954
CM;23;11;6444
CM;23;12;6811
CM;23;13;7357
CM;23;14;8156
CM;23;15;8432
CM;23;16;9098
CM;23;17;9783
CM;23;18;10069
CM;23;19;10660
CM;23;20;11200
CM;23;21;17672
CM;23;22;14031
CM;23;23;13014
CM;23;24;13635
CM;23;25;14344
CM;23;26;14668
CM;23;27;15220
CM;23;28;15960
CM;23;29;18250
CM;23;30;22261
CM;23;31;18034
CM;23;32;18000
CM;23;33;19964
CM;23;34;19489
CM;23;35;19799
CM;23;36;23890
CM;23;37;21190
CM;23;38;21558
CM;23;39;22204
CM;23;40;22532
CM;23;41;24890
CM;23;42;25495
CM;23;43;25329
CM;23;44;24755
CM;23;45;25773
CM;23;46;26001
CM;23;47;30246
CM;23;48;27906
CM;23;49;27814
CM;23;50;28104
CM;23;51;32263
CM;23;52;30479
CM;23;53;30194
CM;23;54;30807
CM;23;55;33025
CM;23;56;34963
CM;23;57;32669
CM;23;58;33171
CM;23;59;39683
CM;23;60;49550
CM;23;61;35065
CM;23;62;35070
CM;23;63;45313
CM;23;64;38579
CM;23;65;36863
CM;23;66;42950
CM;23;67;38329
CM;23;68;39251
CM;23;69;41674
CM;23;70;41199
CM;23;71;40611
CM;23;72;41220
CM;23;73;44588
CM;23;74;43135
CM;23;75;44154
CM;24;1;555
CM;24;2;1156
CM;24;3;2525
CM;24;4;2509
CM;24;5;3012
CM;24;6;6210
CM;24;7;4491
CM;24;8;4835
CM;24;9;5348
CM;24;10;5857
CM;24;11;6720
CM;24;12;7111
CM;24;13;7612
CM;24;14;8186
CM;24;15;9005
CM;24;16;9419
CM;24;17;9924
CM;24;18;10611
CM;24;19;11190
CM;24;20;13606
CM;24;21;14930
CM;24;22;13757
CM;24;23;14032
CM;24;24;14334
CM;24;25;15021
CM;24;26;15589
CM;24;27;15921
CM;24;28;16421
CM;24;29;26572
CM;24;30;18958
CM;24;31;18306
CM;24;32;19048
CM;24;33;20142
CM;24;34;21031
CM;24;35;24005
CM;24;36;22471
CM;24;37;22370
CM;24;38;22464
CM;24;39;23211
CM;24;40;23753
CM;24;41;26354
CM;24;42;26108
CM;24;43;25658
CM;24;44;26760
CM;24;45;26836
CM;24;46;33051
CM;24;47;28823
CM;24;48;29471
CM;24;49;28931
CM;24;50;36082
CM;24;51;31281
CM;24;52;30723
CM;24;53;31514
CM;24;54;34335
CM;24;55;33829
CM;24;56;33289
CM;24;57;34374
CM;24;58;44100
CM;24;59;35329
CM;24;60;35702
CM;24;61;37722
CM;24;62;41946
CM;24;63;39629
CM;24;64;38269
CM;24;65;43958
CM;24;66;39686
CM;24;67;40957
CM;24;68;49096
CM;24;69;40782
CM;24;70;41346
CM;24;71;49470
CM;24;72;43401
CM;24;73;43233
CM;24;74;51330
CM;24;75;45086
CM;25;1;588
CM;25;2;1766
CM;25;3;2709
CM;25;4;2429
CM;25;5;3762
CM;25;6;3669
CM;25;7;4835
CM;25;8;4858
CM;25;9;5847
CM;25;10;6137
CM;25;11;6717
CM;25;12;7432
CM;25;13;9772
CM;25;14;11533
CM;25;15;9865
CM;25;16;10296
CM;25;17;10910
CM;25;18;12234
CM;25;19;12071
CM;25;20;12380
CM;25;21;12926
CM;25;22;13544
CM;25;23;14174
CM;25;24;19205
CM;25;25;18951
CM;25;26;16414
CM;25;27;16688
CM;25;28;17424
CM;25;29;18234
CM;25;30;18784
CM;25;31;21482
CM;25;32;35918
CM;25;33;20240
CM;25;34;20946
CM;25;35;21349
CM;25;36;22276
CM;25;37;35564
CM;25;38;24003
CM;25;39;24442
CM;25;40;24402
CM;25;41;25291
CM;25;42;28443
CM;25;43;26752
CM;25;44;27277
CM;25;45;27774
CM;25;46;31087
CM;25;47;30758
CM;25;48;30072
CM;25;49;30356
CM;25;50;33285
CM;25;51;34784
CM;25;52;32226
CM;25;53;32535
CM;25;54;35386
CM;25;55;35670
CM;25;56;34579
CM;25;57;34776
CM;25;58;40221
CM;25;59;37321
CM;25;60;37297
CM;25;61;39456
CM;25;62;41466
CM;25;63;39071
CM;25;64;39556
CM;25;65;47784
CM;25;66;46463
CM;25;67;52325
CM;25;68;51902
CM;25;69;50645
CM;25;70;64426
CM;25;71;44423
CM;25;72;47820
CM;25;73;46354
CM;25;74;45894
CM;25;75;52034
CM;26;1;686
CM;26;2;1597
CM;26;3;1973
CM;26;4;2782
CM;26;5;3368
CM;26;6;4368
CM;26;7;4471
CM;26;8;5151
CM;26;9;5724
CM;26;10;6322
CM;26;11;7068
CM;26;12;7593
CM;26;13;8397
CM;26;14;8941
CM;26;15;9912
CM;26;16;10482
CM;26;17;11484
CM;26;18;13853
CM;26;19;12878
CM;26;20;13116
CM;26;21;13738
CM;26;22;14381
CM;26;23;14909
CM;26;24;15381
CM;26;25;16029
CM;26;26;19216
CM;26;27;22118
CM;26;28;21353
CM;26;29;18708
CM;26;30;19245
CM;26;31;19974
CM;26;32;20873
CM;26;33;25803
CM;26;34;22669
CM;26;35;22917
CM;26;36;23239
CM;26;37;23536
CM;26;38;26126
CM;26;39;25723
CM;26;40;25648
CM;26;41;26409
CM;26;42;26875
CM;26;43;32829
CM;26;44;29302
CM;26;45;29015
CM;26;46;30495
CM;26;47;31896
CM;26;48;38423
CM;26;49;32291
CM;26;50;32458
CM;26;51;36393
CM;26;52;34386
CM;26;53;34906
CM;26;54;34657
CM;26;55;42117
CM;26;56;36491
CM;26;57;36376
CM;26;58;39289
CM;26;59;43098
CM;26;60;38851
CM;26;61;39165
CM;26;62;47664
CM;26;63;40822
CM;26;64;41579
CM;26;65;45101
CM;26;66;44732
CM;26;67;42704
CM;26;68;45877
CM;26;69;44181
CM;26;70;46563
CM;26;71;46570
CM;26;72;46451
CM;26;73;50475
CM;26;74;48699
CM;26;75;48309
CM;27;1;683
CM;27;2;1293
CM;27;3;2080
CM;27;4;2827
CM;27;5;3271
CM;27;6;4293
CM;27;7;4818
CM;27;8;6500
CM;27;9;6913
CM;27;10;6733
CM;27;11;7222
CM;27;12;8008
CM;27;13;8983
CM;27;14;9289
CM;27;15;9975
CM;27;16;10664
CM;27;17;11191
CM;27;18;11842
CM;27;19;12621
CM;27;20;19423
CM;27;21;24559
CM;27;22;14875
CM;27;23;15498
CM;27;24;15898
CM;27;25;16812
CM;27;26;17422
CM;27;27;20460
CM;27;28;22600
CM;27;29;19535
CM;27;30;19975
CM;27;31;20838
CM;27;32;21145
CM;27;33;27109
CM;27;34;23114
CM;27;35;23262
CM;27;36;24334
CM;27;37;25198
CM;27;38;29572
CM;27;39;26513
CM;27;40;26704
CM;27;41;27305
CM;27;42;31614
CM;27;43;30413
CM;27;44;30418
CM;27;45;30063
CM;27;46;32392
CM;27;47;32945
CM;27;48;32697
CM;27;49;32893
CM;27;50;38459
CM;27;51;34470
CM;27;52;35270
CM;27;53;35115
CM;27;54;55265
CM;27;55;36789
CM;27;56;38187
CM;27;57;40793
CM;27;58;38776
CM;27;59;40252
CM;27;60;41180
CM;27;61;40874
CM;27;62;44662
CM;27;63;43105
CM;27;64;43718
CM;27;65;49045
CM;27;66;45515
CM;27;67;44309
CM;27;68;52514
CM;27;69;46510
CM;27;70;46786
CM;27;71;47986
CM;27;72;48351
CM;27;73;57202
CM;27;74;49682
CM;27;75;53881
CM;28;1;676
CM;28;2;1362
CM;28;3;3572
CM;28;4;2729
CM;28;5;6345
CM;28;6;4075
CM;28;7;7230
CM;28;8;6965
CM;28;9;6953
CM;28;10;6918
CM;28;11;8033
CM;28;12;8335
CM;28;13;9429
CM;28;14;9769
CM;28;15;10320
CM;28;16;10937
CM;28;17;13032
CM;28;18;15774
CM;28;19;13758
CM;28;20;14265
CM;28;21;14435
CM;28;22;15196
CM;28;23;15810
CM;28;24;16487
CM;28;25;17077
CM;28;26;20544
CM;28;27;19471
CM;28;28;19595
CM;28;29;20297
CM;28;30;20838
CM;28;31;21356
CM;28;32;24611
CM;28;33;24580
CM;28;34;24180
CM;28;35;24444
CM;28;36;24742
CM;28;37;28677
CM;28;38;27862
CM;28;39;26875
CM;28;40;27734
CM;28;41;29832
CM;28;42;36920
CM;28;43;29645
CM;28;44;32204
CM;28;45;30894
CM;28;46;34117
CM;28;47;36104
CM;28;48;33372
CM;28;49;33770
CM;28;50;49632
CM;28;51;36066
CM;28;52;36352
CM;28;53;36690
CM;28;54;37935
CM;28;55;39054
CM;28;56;39094
CM;28;57;44297
CM;28;58;40331
CM;28;59;40760
CM;28;60;50574
CM;28;61;42478
CM;28;62;43383
CM;28;63;52785
CM;28;64;44488
CM;28;65;44574
CM;28;66;48487
CM;28;67;46913
CM;28;68;46905
CM;28;69;48042
CM;28;70;49079
CM;28;71;60948
CM;28;72;49853
CM;28;73;50767
CM;28;74;59046
CM;28;75;51965
CM;29;1;673
CM;29;2;1431
CM;29;3;2208
CM;29;4;2832
CM;29;5;3674
CM;29;6;4302
CM;29;7;5134
CM;29;8;7274
CM;29;9;6834
CM;29;10;7238
CM;29;11;8148
CM;29;12;9058
CM;29;13;9362
CM;29;14;9902
CM;29;15;10650
CM;29;16;11713
CM;29;17;12136
CM;29;18;12785
CM;29;19;13447
CM;29;20;18698
CM;29;21;15651
CM;29;22;16087
CM;29;23;16543
CM;29;24;17124
CM;29;25;17741
CM;29;26;18672
CM;29;27;20670
CM;29;28;20856
CM;29;29;20749
CM;29;30;21507
CM;29;31;22234
CM;29;32;22824
CM;29;33;25984
CM;29;34;25968
CM;29;35;25232
CM;29;36;27213
CM;29;37;26396
CM;29;38;33279
CM;29;39;28917
CM;29;40;28605
CM;29;41;29151
CM;29;42;30585
CM;29;43;32803
CM;29;44;32281
CM;29;45;32815
CM;29;46;34134
CM;29;47;37783
CM;29;48;35049
CM;29;49;34990
CM;29;50;43425
CM;29;51;36945
CM;29;52;37113
CM;29;53;45314
CM;29;54;40399
CM;29;55;40050
CM;29;56;40470
CM;29;57;45465
CM;29;58;42842
CM;29;59;42008
CM;29;60;53927
CM;29;61;45448
CM;29;62;46731
CM;29;63;49342
CM;29;64;45972
CM;29;65;56124
CM;29;66;54342
CM;29;67;48735
CM;29;68;61281
CM;29;69;50139
CM;29;70;55585
CM;29;71;51014
CM;29;72;51406
CM;29;73;55030
CM;29;74;52719
CM;29;75;64064
CM;30;1;725
CM;30;2;1465
CM;30;3;3093
CM;30;4;3030
CM;30;5;3661
CM;30;6;5079
CM;30;7;5171
CM;30;8;6155
CM;30;9;6878
CM;30;10;7312
CM;30;11;8400
CM;30;12;8920
CM;30;13;9581
CM;30;14;10433
CM;30;15;13103
CM;30;16;14139
CM;30;17;13655
CM;30;18;13577
CM;30;19;14186
CM;30;20;14719
CM;30;21;15962
CM;30;22;16096
CM;30;23;17010
CM;30;24;19735
CM;30;25;19339
CM;30;26;19681
CM;30;27;19971
CM;30;28;20765
CM;30;29;21759
CM;30;30;26107
CM;30;31;23920
CM;30;32;24847
CM;30;33;24372
CM;30;34;25158
CM;30;35;25701
CM;30;36;37194
CM;30;37;27925
CM;30;38;28384
CM;30;39;28721
CM;30;40;32483
CM;30;41;36093
CM;30;42;31978
CM;30;43;31546
CM;30;44;40053
CM;30;45;35941
CM;30;46;34507
CM;30;47;34684
CM;30;48;38813
CM;30;49;36283
CM;30;50;37067
CM;30;51;41865
CM;30;52;38921
CM;30;53;39718
CM;30;54;39814
CM;30;55;42330
CM;30;56;41503
CM;30;57;42474
CM;30;58;45686
CM;30;59;44316
CM;30;60;45442
CM;30;61;61324
CM;30;62;46098
CM;30;63;56366
CM;30;64;47751
CM;30;65;49305
CM;30;66;54138
CM;30;67;49949
CM;30;68;53684
CM;30;69;51308
CM;30;70;52028
CM;30;71;57859
CM;30;72;52915
CM;30;73;57995
CM;30;74;55324
CM;30;75;55544
CM;31;1;813
CM;31;2;1707
CM;31;3;3432
CM;31;4;5821
CM;31;5;5620
CM;31;6;4707
CM;31;7;5866
CM;31;8;6528
CM;31;9;7018
CM;31;10;8105
CM;31;11;10183
CM;31;12;9154
CM;31;13;10019
CM;31;14;10624
CM;31;15;11365
CM;31;16;12128
CM;31;17;14314
CM;31;18;15324
CM;31;19;14907
CM;31;20;15308
CM;31;21;16657
CM;31;22;17029
CM;31;23;20078
CM;31;24;18891
CM;31;25;30015
CM;31;26;22545
CM;31;27;22302
CM;31;28;21375
CM;31;29;24883
CM;31;30;38125
CM;31;31;24492
CM;31;32;24887
CM;31;33;27507
CM;31;34;26135
CM;31;35;33301
CM;31;36;29959
CM;31;37;28482
CM;31;38;28943
CM;31;39;38546
CM;31;40;31664
CM;31;41;31650
CM;31;42;33756
CM;31;43;38003
CM;31;44;34263
CM;31;45;34845
CM;31;46;35483
CM;31;47;46555
CM;31;48;37469
CM;31;49;37554
CM;31;50;45582
CM;31;51;39922
CM;31;52;39980
CM;31;53;46308
CM;31;54;44569
CM;31;55;43239
CM;31;56;50326
CM;31;57;43701
CM;31;58;44403
CM;31;59;50093
CM;31;60;47081
CM;31;61;46955
CM;31;62;51004
CM;31;63;48291
CM;31;64;50624
CM;31;65;51263
CM;31;66;50628
CM;31;67;58770
CM;31;68;53054
CM;31;69;56629
CM;31;70;54663
CM;31;71;55066
CM;31;72;67425
CM;31;73;63225
CM;31;74;64202
CM;31;75;62229
CM;32;1;903
CM;32;2;1590
CM;32;3;2408
CM;32;4;3139
CM;32;5;4626
CM;32;6;5003
CM;32;7;7470
CM;32;8;7508
CM;32;9;7594
CM;32;10;7734
CM;32;11;9127
CM;32;12;9509
CM;32;13;10604
CM;32;14;11186
CM;32;15;11875
CM;32;16;12746
CM;32;17;13272
CM;32;18;14361
CM;32;19;18577
CM;32;20;16064
CM;32;21;16873
CM;32;22;17362
CM;32;23;18212
CM;32;24;19194
CM;32;25;20105
CM;32;26;25225
CM;32;27;22040
CM;32;28;22241
CM;32;29;23354
CM;32;30;24631
CM;32;31;26520
CM;32;32;27990
CM;32;33;26302
CM;32;34;26935
CM;32;35;27841
CM;32;36;35620
CM;32;37;29801
CM;32;38;30072
CM;32;39;31176
CM;32;40;38381
CM;32;41;39731
CM;32;42;33413
CM;32;43;33954
CM;32;44;48269
CM;32;45;37393
CM;32;46;38136
CM;32;47;40813
CM;32;48;38417
CM;32;49;39556
CM;32;50;39152
CM;32;51;40720
CM;32;52;41389
CM;32;53;41614
CM;32;54;44450
CM;32;55;44063
CM;32;56;45155
CM;32;57;46238
CM;32;58;45952
CM;32;59;74086
CM;32;60;66922
CM;32;61;74853
CM;32;62;49377
CM;32;63;51112
CM;32;64;51374
CM;32;65;51345
CM;32;66;55742
CM;32;67;52901
CM;32;68;58032
CM;32;69;55033
CM;32;70;56036
CM;32;71;60617
CM;32;72;58202
CM;32;73;64841
CM;32;74;58704
CM;32;75;67151
CM;33;1;782
CM;33;2;2386
CM;33;3;3387
CM;33;4;3397
CM;33;5;4018
CM;33;6;4831
CM;33;7;5824
CM;33;8;6506
CM;33;9;7450
CM;33;10;8095
CM;33;11;8950
CM;33;12;9732
CM;33;13;10527
CM;33;14;13132
CM;33;15;17211
CM;33;16;15982
CM;33;17;16349
CM;33;18;15105
CM;33;19;15618
CM;33;20;16281
CM;33;21;17057
CM;33;22;19591
CM;33;23;25816
CM;33;24;23486
CM;33;25;20603
CM;33;26;21532
CM;33;27;22820
CM;33;28;28585
CM;33;29;23828
CM;33;30;24684
CM;33;31;25660
CM;33;32;25879
CM;33;33;33523
CM;33;34;31202
CM;33;35;28435
CM;33;36;29874
CM;33;37;35548
CM;33;38;31187
CM;33;39;31870
CM;33;40;32566
CM;33;41;38663
CM;33;42;35134
CM;33;43;34925
CM;33;44;36611
CM;33;45;38652
CM;33;46;37844
CM;33;47;38665
CM;33;48;51802
CM;33;49;41704
CM;33;50;40526
CM;33;51;45770
CM;33;52;43386
CM;33;53;43161
CM;33;54;52745
CM;33;55;44672
CM;33;56;45783
CM;33;57;53315
CM;33;58;47202
CM;33;59;52486
CM;33;60;49504
CM;33;61;50370
CM;33;62;55713
CM;33;63;53423
CM;33;64;59635
CM;33;65;54645
CM;33;66;59082
CM;33;67;69420
CM;33;68;55395
CM;33;69;66489
CM;33;70;57222
CM;33;71;65024
CM;33;72;60188
CM;33;73;62699
CM;33;74;61916
CM;33;75;64711
CM;34;1;1187
CM;34;2;1990
CM;34;3;2950
CM;34;4;3285
CM;34;5;4774
CM;34;6;5118
CM;34;7;5858
CM;34;8;6690
CM;34;9;7382
CM;34;10;8447
CM;34;11;9076
CM;34;12;10140
CM;34;13;10788
CM;34;14;11924
CM;34;15;12387
CM;34;16;15205
CM;34;17;16849
CM;34;18;15613
CM;34;19;15998
CM;34;20;17644
CM;34;21;17422
CM;34;22;18773
CM;34;23;20621
CM;34;24;24307
CM;34;25;21142
CM;34;26;21823
CM;34;27;22642
CM;34;28;23591
CM;34;29;31652
CM;34;30;26576
CM;34;31;27678
CM;34;32;26689
CM;34;33;27909
CM;34;34;39356
CM;34;35;30309
CM;34;36;30101
CM;34;37;30727
CM;34;38;36562
CM;34;39;33024
CM;34;40;33637
CM;34;41;35494
CM;34;42;36712
CM;34;43;36168
CM;34;44;37399
CM;34;45;45480
CM;34;46;39351
CM;34;47;39594
CM;34;48;44947
CM;34;49;43046
CM;34;50;42587
CM;34;51;47206
CM;34;52;44169
CM;34;53;44157
CM;34;54;59027
CM;34;55;46878
CM;34;56;47128
CM;34;57;62643
CM;34;58;48596
CM;34;59;59715
CM;34;60;55504
CM;34;61;50978
CM;34;62;57096
CM;34;63;53172
CM;34;64;61707
CM;34;65;55287
CM;34;66;58753
CM;34;67;56694
CM;34;68;58160
CM;34;69;58845
CM;34;70;58381
CM;34;71;67878
CM;34;72;60264
CM;34;73;74471
CM;34;74;62550
CM;34;75;76450
CM;35;1;901
CM;35;2;1677
CM;35;3;2561
CM;35;4;3839
CM;35;5;4917
CM;35;6;5160
CM;35;7;6046
CM;35;8;7061
CM;35;9;7707
CM;35;10;8738
CM;35;11;9516
CM;35;12;12332
CM;35;13;14174
CM;35;14;12671
CM;35;15;14795
CM;35;16;13878
CM;35;17;14618
CM;35;18;15615
CM;35;19;16255
CM;35;20;17127
CM;35;21;21910
CM;35;22;19788
CM;35;23;19952
CM;35;24;21176
CM;35;25;21467
CM;35;26;22571
CM;35;27;25611
CM;35;28;24901
CM;35;29;25539
CM;35;30;26046
CM;35;31;26469
CM;35;32;37531
CM;35;33;29377
CM;35;34;29694
CM;35;35;30310
CM;35;36;38024
CM;35;37;32377
CM;35;38;32770
CM;35;39;33970
CM;35;40;42482
CM;35;41;35339
CM;35;42;35957
CM;35;43;48289
CM;35;44;39060
CM;35;45;38517
CM;35;46;45020
CM;35;47;41394
CM;35;48;41673
CM;35;49;48177
CM;35;50;44101
CM;35;51;43987
CM;35;52;49950
CM;35;53;46654
CM;35;54;46693
CM;35;55;55398
CM;35;56;48778
CM;35;57;49130
CM;35;58;50937
CM;35;59;51099
CM;35;60;62439
CM;35;61;52468
CM;35;62;56788
CM;35;63;57795
CM;35;64;55906
CM;35;65;58136
CM;35;66;58634
CM;35;67;89177
CM;35;68;81236
CM;35;69;82290
CM;35;70;94471
CM;35;71;62136
CM;35;72;66742
CM;35;73;63286
CM;35;74;92283
CM;35;75;65864
CM;36;1;878
CM;36;2;2168
CM;36;3;4043
CM;36;4;4423
CM;36;5;5281
CM;36;6;8055
CM;36;7;6818
CM;36;8;7908
CM;36;9;7934
CM;36;10;8893
CM;36;11;9987
CM;36;12;10827
CM;36;13;11649
CM;36;14;12678
CM;36;15;13382
CM;36;16;16679
CM;36;17;17490
CM;36;18;16504
CM;36;19;16812
CM;36;20;17735
CM;36;21;18636
CM;36;22;19713
CM;36;23;25000
CM;36;24;22533
CM;36;25;22933
CM;36;26;23368
CM;36;27;25274
CM;36;28;27798
CM;36;29;28423
CM;36;30;26868
CM;36;31;27573
CM;36;32;28876
CM;36;33;32943
CM;36;34;30448
CM;36;35;31106
CM;36;36;31691
CM;36;37;37036
CM;36;38;34391
CM;36;39;34643
CM;36;40;35590
CM;36;41;50738
CM;36;42;50934
CM;36;43;38168
CM;36;44;42685
CM;36;45;39659
CM;36;46;40696
CM;36;47;44676
CM;36;48;42853
CM;36;49;45070
CM;36;50;51707
CM;36;51;45152
CM;36;52;46029
CM;36;53;50604
CM;36;54;48044
CM;36;55;53950
CM;36;56;50191
CM;36;57;50411
CM;36;58;58680
CM;36;59;54399
CM;36;60;60477
CM;36;61;60061
CM;36;62;58591
CM;36;63;57177
CM;36;64;56397
CM;36;65;60591
CM;36;66;59181
CM;36;67;66787
CM;36;68;60566
CM;36;69;65482
CM;36;70;62992
CM;36;71;70214
CM;36;72;65648
CM;36;73;72953
CM;36;74;65812
CM;36;75;81012
CM;37;1;911
CM;37;2;1800
CM;37;3;2738
CM;37;4;3994
CM;37;5;4505
CM;37;6;6129
CM;37;7;6514
CM;37;8;7400
CM;37;9;8296
CM;37;10;9368
CM;37;11;10077
CM;37;12;19198
CM;37;13;15515
CM;37;14;12927
CM;37;15;14388
CM;37;16;14393
CM;37;17;15544
CM;37;18;16549
CM;37;19;17547
CM;37;20;21250
CM;37;21;19677
CM;37;22;20352
CM;37;23;20787
CM;37;24;21952
CM;37;25;23135
CM;37;26;30509
CM;37;27;24819
CM;37;28;26405
CM;37;29;26116
CM;37;30;27344
CM;37;31;32301
CM;37;32;29440
CM;37;33;30555
CM;37;34;30826
CM;37;35;36282
CM;37;36;33371
CM;37;37;34207
CM;37;38;34884
CM;37;39;41270
CM;37;40;36693
CM;37;41;37996
CM;37;42;45967
CM;37;43;40516
CM;37;44;40144
CM;37;45;49949
CM;37;46;44028
CM;37;47;43616
CM;37;48;49639
CM;37;49;45112
CM;37;50;45550
CM;37;51;50148
CM;37;52;47727
CM;37;53;49977
CM;37;54;50840
CM;37;55;50121
CM;37;56;63197
CM;37;57;53105
CM;37;58;61190
CM;37;59;56394
CM;37;60;57901
CM;37;61;64252
CM;37;62;57925
CM;37;63;59433
CM;37;64;58351
CM;37;65;63131
CM;37;66;61750
CM;37;67;68505
CM;37;68;63856
CM;37;69;68396
CM;37;70;64020
CM;37;71;71044
CM;37;72;65925
CM;37;73;68432
CM;37;74;67566
CM;37;75;74322
CM;38;1;1126
CM;38;2;2145
CM;38;3;2795
CM;38;4;4140
CM;38;5;4678
CM;38;6;6176
CM;38;7;6674
CM;38;8;7339
CM;38;9;8474
CM;38;10;9310
CM;38;11;13715
CM;38;12;14186
CM;38;13;16860
CM;38;14;13174
CM;38;15;14638
CM;38;16;14959
CM;38;17;15968
CM;38;18;16891
CM;38;19;21446
CM;38;20;19250
CM;38;21;19496
CM;38;22;20854
CM;38;23;21580
CM;38;24;22468
CM;38;25;29699
CM;38;26;24922
CM;38;27;25414
CM;38;28;26178
CM;38;29;27615
CM;38;30;33441
CM;38;31;29578
CM;38;32;30204
CM;38;33;30773
CM;38;34;39750
CM;38;35;33920
CM;38;36;33645
CM;38;37;34911
CM;38;38;40357
CM;38;39;37811
CM;38;40;37765
CM;38;41;47711
CM;38;42;39883
CM;38;43;41370
CM;38;44;52717
CM;38;45;42487
CM;38;46;43329
CM;38;47;54310
CM;38;48;45380
CM;38;49;46037
CM;38;50;52326
CM;38;51;48029
CM;38;52;50115
CM;38;53;52336
CM;38;54;50820
CM;38;55;57556
CM;38;56;52981
CM;38;57;55285
CM;38;58;55591
CM;38;59;55775
CM;38;60;63930
CM;38;61;57778
CM;38;62;63320
CM;38;63;59152
CM;38;64;71625
CM;38;65;60529
CM;38;66;73809
CM;38;67;63931
CM;38;68;75575
CM;38;69;95598
CM;38;70;86680
CM;38;71;120015
CM;38;72;69714
CM;38;73;101634
CM;38;74;113592
CM;38;75;106022
CM;39;1;1509
CM;39;2;3400
CM;39;3;3660
CM;39;4;6816
CM;39;5;5097
CM;39;6;5803
CM;39;7;6691
CM;39;8;7654
CM;39;9;8533
CM;39;10;9545
CM;39;11;10484
CM;39;12;11398
CM;39;13;19410
CM;39;14;13992
CM;39;15;14603
CM;39;16;15375
CM;39;17;16631
CM;39;18;17706
CM;39;19;20500
CM;39;20;26077
CM;39;21;20566
CM;39;22;20974
CM;39;23;22005
CM;39;24;23065
CM;39;25;28575
CM;39;26;26379
CM;39;27;26348
CM;39;28;27787
CM;39;29;29448
CM;39;30;30923
CM;39;31;30416
CM;39;32;31144
CM;39;33;31552
CM;39;34;34841
CM;39;35;34008
CM;39;36;34980
CM;39;37;39709
CM;39;38;36967
CM;39;39;37666
CM;39;40;40185
CM;39;41;51547
CM;39;42;40508
CM;39;43;47898
CM;39;44;46280
CM;39;45;43315
CM;39;46;48761
CM;39;47;45273
CM;39;48;46662
CM;39;49;50226
CM;39;50;47801
CM;39;51;53093
CM;39;52;50802
CM;39;53;51183
CM;39;54;55459
CM;39;55;53354
CM;39;56;58688
CM;39;57;55879
CM;39;58;60906
CM;39;59;57708
CM;39;60;59136
CM;39;61;59880
CM;39;62;61080
CM;39;63;61715
CM;39;64;65319
CM;39;65;63610
CM;39;66;66481
CM;39;67;65280
CM;39;68;71761
CM;39;69;66972
CM;39;70;72254
CM;39;71;69003
CM;39;72;90834
CM;39;73;71137
CM;39;74;77411
CM;39;75;79747
CM;40;1;1070
CM;40;2;1986
CM;40;3;2938
CM;40;4;4576
CM;40;5;5025
CM;40;6;5860
CM;40;7;7067
CM;40;8;7753
CM;40;9;8843
CM;40;10;9996
CM;40;11;12375
CM;40;12;11752
CM;40;13;13074
CM;40;14;16449
CM;40;15;15756
CM;40;16;16313
CM;40;17;16942
CM;40;18;18118
CM;40;19;18662
CM;40;20;19641
CM;40;21;22209
CM;40;22;23489
CM;40;23;23195
CM;40;24;24200
CM;40;25;24556
CM;40;26;25812
CM;40;27;29756
CM;40;28;28294
CM;40;29;28745
CM;40;30;29458
CM;40;31;34587
CM;40;32;32893
CM;40;33;32834
CM;40;34;33353
CM;40;35;48690
CM;40;36;38855
CM;40;37;36576
CM;40;38;51055
CM;40;39;45073
CM;40;40;40751
CM;40;41;48250
CM;40;42;41341
CM;40;43;42973
CM;40;44;49623
CM;40;45;45155
CM;40;46;44836
CM;40;47;51271
CM;40;48;47629
CM;40;49;49904
CM;40;50;50569
CM;40;51;50300
CM;40;52;60380
CM;40;53;52028
CM;40;54;55818
CM;40;55;61871
CM;40;56;63284
CM;40;57;57901
CM;40;58;57222
CM;40;59;60592
CM;40;60;59787
CM;40;61;66301
CM;40;62;63282
CM;40;63;76958
CM;40;64;62751
CM;40;65;72368
CM;40;66;66197
CM;40;67;68608
CM;40;68;66925
CM;40;69;80206
CM;40;70;73206
CM;40;71;70822
CM;40;72;80889
CM;40;73;72852
CM;40;74;78487
CM;40;75;75243
CM;41;1;1021
CM;41;2;4688
CM;41;3;4279
CM;41;4;4050
CM;41;5;5320
CM;41;6;6539
CM;41;7;7419
CM;41;8;8089
CM;41;9;9098
CM;41;10;10587
CM;41;11;11107
CM;41;12;12224
CM;41;13;13046
CM;41;14;14912
CM;41;15;17410
CM;41;16;18465
CM;41;17;17296
CM;41;18;18512
CM;41;19;19544
CM;41;20;20508
CM;41;21;21135
CM;41;22;33251
CM;41;23;25493
CM;41;24;24558
CM;41;25;25510
CM;41;26;26716
CM;41;27;31656
CM;41;28;37153
CM;41;29;29700
CM;41;30;30130
CM;41;31;33732
CM;41;32;35540
CM;41;33;33965
CM;41;34;34126
CM;41;35;39673
CM;41;36;36425
CM;41;37;38699
CM;41;38;42727
CM;41;39;40481
CM;41;40;40309
CM;41;41;45090
CM;41;42;43284
CM;41;43;43723
CM;41;44;52723
CM;41;45;45878
CM;41;46;46378
CM;41;47;52780
CM;41;48;48744
CM;41;49;50135
CM;41;50;50816
CM;41;51;52069
CM;41;52;78402
CM;41;53;53884
CM;41;54;65705
CM;41;55;58854
CM;41;56;64828
CM;41;57;58157
CM;41;58;60808
CM;41;59;60264
CM;41;60;61018
CM;41;61;61753
CM;41;62;62312
CM;41;63;68197
CM;41;64;64768
CM;41;65;67429
CM;41;66;69161
CM;41;67;69835
CM;41;68;84188
CM;41;69;70227
CM;41;70;78493
CM;41;71;71890
CM;41;72;79757
CM;41;73;73579
CM;41;74;77292
CM;41;75;81170
CM;42;1;1152
CM;42;2;2069
CM;42;3;3100
CM;42;4;4288
CM;42;5;5244
CM;42;6;6245
CM;42;7;7273
CM;42;8;8263
CM;42;9;9340
CM;42;10;10532
CM;42;11;11444
CM;42;12;12887
CM;42;13;15466
CM;42;14;18347
CM;42;15;16005
CM;42;16;16898
CM;42;17;17894
CM;42;18;18485
CM;42;19;19734
CM;42;20;24534
CM;42;21;22455
CM;42;22;23233
CM;42;23;23614
CM;42;24;24807
CM;42;25;27576
CM;42;26;34152
CM;42;27;28656
CM;42;28;29172
CM;42;29;31919
CM;42;30;39332
CM;42;31;32338
CM;42;32;33276
CM;42;33;37745
CM;42;34;42561
CM;42;35;36558
CM;42;36;37219
CM;42;37;41553
CM;42;38;39594
CM;42;39;41019
CM;42;40;45518
CM;42;41;42712
CM;42;42;43141
CM;42;43;46613
CM;42;44;45912
CM;42;45;47235
CM;42;46;50439
CM;42;47;48931
CM;42;48;56205
CM;42;49;50916
CM;42;50;52106
CM;42;51;55635
CM;42;52;54481
CM;42;53;63429
CM;42;54;56000
CM;42;55;64659
CM;42;56;57990
CM;42;57;65803
CM;42;58;60556
CM;42;59;64173
CM;42;60;63609
CM;42;61;64837
CM;42;62;66173
CM;42;63;70218
CM;42;64;69032
CM;42;65;87060
CM;42;66;68996
CM;42;67;86183
CM;42;68;70435
CM;42;69;84306
CM;42;70;80830
CM;42;71;74760
CM;42;72;83229
CM;42;73;75816
CM;42;74;78711
CM;42;75;84273
CM;43;1;1846
CM;43;2;2299
CM;43;3;4099
CM;43;4;9158
CM;43;5;7160
CM;43;6;6412
CM;43;7;7439
CM;43;8;8385
CM;43;9;9550
CM;43;10;10504
CM;43;11;11445
CM;43;12;12741
CM;43;13;15704
CM;43;14;19958
CM;43;15;18145
CM;43;16;17290
CM;43;17;18356
CM;43;18;19021
CM;43;19;20098
CM;43;20;24654
CM;43;21;23106
CM;43;22;23520
CM;43;23;25861
CM;43;24;25460
CM;43;25;30539
CM;43;26;28424
CM;43;27;28924
CM;43;28;29868
CM;43;29;31067
CM;43;30;33317
CM;43;31;33161
CM;43;32;33843
CM;43;33;38602
CM;43;34;36515
CM;43;35;37516
CM;43;36;37929
CM;43;37;44519
CM;43;38;40124
CM;43;39;41512
CM;43;40;52266
CM;43;41;43556
CM;43;42;44334
CM;43;43;54691
CM;43;44;47114
CM;43;45;49073
CM;43;46;49906
CM;43;47;51617
CM;43;48;58368
CM;43;49;51796
CM;43;50;59033
CM;43;51;54639
CM;43;52;54961
CM;43;53;60340
CM;43;54;57317
CM;43;55;63844
CM;43;56;59367
CM;43;57;71185
CM;43;58;62994
CM;43;59;75617
CM;43;60;63877
CM;43;61;70698
CM;43;62;66332
CM;43;63;74552
CM;43;64;68100
CM;43;65;77260
CM;43;66;71207
CM;43;67;73098
CM;43;68;78242
CM;43;69;74049
CM;43;70;87902
CM;43;71;87242
CM;43;72;77619
CM;43;73;81996
CM;43;74;79121
CM;43;75;87564
CM;44;1;1076
CM;44;2;3506
CM;44;3;3241
CM;44;4;4317
CM;44;5;5344
CM;44;6;6567
CM;44;7;7484
CM;44;8;8669
CM;44;9;9696
CM;44;10;10698
CM;44;11;15061
CM;44;12;14206
CM;44;13;18153
CM;44;14;15460
CM;44;15;16928
CM;44;16;17390
CM;44;17;18222
CM;44;18;25852
CM;44;19;24043
CM;44;20;22343
CM;44;21;22907
CM;44;22;24137
CM;44;23;27265
CM;44;24;28876
CM;44;25;27091
CM;44;26;29423
CM;44;27;29604
CM;44;28;46008
CM;44;29;31488
CM;44;30;32788
CM;44;31;41829
CM;44;32;36098
CM;44;33;35872
CM;44;34;39020
CM;44;35;38978
CM;44;36;39481
CM;44;37;40604
CM;44;38;41983
CM;44;39;42871
CM;44;40;46613
CM;44;41;45608
CM;44;42;51688
CM;44;43;51697
CM;44;44;48915
CM;44;45;48570
CM;44;46;54980
CM;44;47;51834
CM;44;48;62258
CM;44;49;52852
CM;44;50;60490
CM;44;51;56155
CM;44;52;59429
CM;44;53;57945
CM;44;54;58033
CM;44;55;62341
CM;44;56;61446
CM;44;57;64707
CM;44;58;63487
CM;44;59;64873
CM;44;60;65602
CM;44;61;67471
CM;44;62;68946
CM;44;63;69751
CM;44;64;77647
CM;44;65;71541
CM;44;66;78300
CM;44;67;75665
CM;44;68;74949
CM;44;69;80783
CM;44;70;77195
CM;44;71;79642
CM;44;72;82638
CM;44;73;79397
CM;44;74;99370
CM;44;75;87190
CM;45;1;1994
CM;45;2;2879
CM;45;3;5227
CM;45;4;4434
CM;45;5;6465
CM;45;6;6683
CM;45;7;7756
CM;45;8;8977
CM;45;9;9953
CM;45;10;10998
CM;45;11;12513
CM;45;12;13265
CM;45;13;15944
CM;45;14;16983
CM;45;15;16872
CM;45;16;17900
CM;45;17;19265
CM;45;18;19688
CM;45;19;21487
CM;45;20;27608
CM;45;21;25039
CM;45;22;24333
CM;45;23;25596
CM;45;24;26898
CM;45;25;32485
CM;45;26;29340
CM;45;27;29987
CM;45;28;30868
CM;45;29;38971
CM;45;30;46724
CM;45;31;34395
CM;45;32;42230
CM;45;33;40844
CM;45;34;37693
CM;45;35;41729
CM;45;36;55223
CM;45;37;41529
CM;45;38;50314
CM;45;39;43758
CM;45;40;44749
CM;45;41;53269
CM;45;42;47042
CM;45;43;47539
CM;45;44;51826
CM;45;45;50150
CM;45;46;54033
CM;45;47;52940
CM;45;48;57833
CM;45;49;55266
CM;45;50;55730
CM;45;51;61820
CM;45;52;59007
CM;45;53;76705
CM;45;54;59314
CM;45;55;76779
CM;45;56;63737
CM;45;57;68947
CM;45;58;65827
CM;45;59;71360
CM;45;60;66707
CM;45;61;74796
CM;45;62;70419
CM;45;63;75445
CM;45;64;73603
CM;45;65;73769
CM;45;66;76052
CM;45;67;78931
CM;45;68;90346
CM;45;69;76656
CM;45;70;79283
CM;45;71;83315
CM;45;72;81371
CM;45;73;85433
CM;45;74;82706
CM;45;75;83943
CM;46;1;1111
CM;46;2;2812
CM;46;3;3510
CM;46;4;4467
CM;46;5;6384
CM;46;6;6808
CM;46;7;7759
CM;46;8;12187
CM;46;9;13521
CM;46;10;12012
CM;46;11;13146
CM;46;12;13517
CM;46;13;15097
CM;46;14;16002
CM;46;15;19102
CM;46;16;19657
CM;46;17;21850
CM;46;18;20970
CM;46;19;21722
CM;46;20;22548
CM;46;21;24077
CM;46;22;30235
CM;46;23;26679
CM;46;24;27808
CM;46;25;30248
CM;46;26;31958
CM;46;27;31541
CM;46;28;31868
CM;46;29;32648
CM;46;30;38600
CM;46;31;36909
CM;46;32;36440
CM;46;33;37426
CM;46;34;45673
CM;46;35;40597
CM;46;36;41879
CM;46;37;45324
CM;46;38;44045
CM;46;39;44835
CM;46;40;47953
CM;46;41;47396
CM;46;42;49819
CM;46;43;49258
CM;46;44;49753
CM;46;45;70069
CM;46;46;59556
CM;46;47;58890
CM;46;48;55020
CM;46;49;57001
CM;46;50;57270
CM;46;51;58606
CM;46;52;61591
CM;46;53;60013
CM;46;54;64864
CM;46;55;61618
CM;46;56;66848
CM;46;57;65297
CM;46;58;68915
CM;46;59;67335
CM;46;60;79398
CM;46;61;69604
CM;46;62;73456
CM;46;63;81410
CM;46;64;73306
CM;46;65;79785
CM;46;66;76105
CM;46;67;79694
CM;46;68;79567
CM;46;69;79303
CM;46;70;86853
CM;46;71;80877
CM;46;72;87922
CM;46;73;96975
CM;46;74;85877
CM;46;75;89295
CM;47;1;1144
CM;47;2;2440
CM;47;3;3403
CM;47;4;5081
CM;47;5;5704
CM;47;6;6918
CM;47;7;8503
CM;47;8;10132
CM;47;9;11601
CM;47;10;11857
CM;47;11;12847
CM;47;12;13869
CM;47;13;14851
CM;47;14;16036
CM;47;15;17160
CM;47;16;20106
CM;47;17;23697
CM;47;18;22344
CM;47;19;22080
CM;47;20;23859
CM;47;21;24080
CM;47;22;27131
CM;47;23;27413
CM;47;24;27954
CM;47;25;29293
CM;47;26;32795
CM;47;27;32179
CM;47;28;32744
CM;47;29;34090
CM;47;30;37587
CM;47;31;43488
CM;47;32;36955
CM;47;33;47898
CM;47;34;46713
CM;47;35;40313
CM;47;36;41643
CM;47;37;48238
CM;47;38;44944
CM;47;39;45059
CM;47;40;52283
CM;47;41;47439
CM;47;42;57828
CM;47;43;50769
CM;47;44;50939
CM;47;45;52657
CM;47;46;53069
CM;47;47;64231
CM;47;48;56544
CM;47;49;62541
CM;47;50;58547
CM;47;51;66716
CM;47;52;65505
CM;47;53;68910
CM;47;54;66242
CM;47;55;72733
CM;47;56;66752
CM;47;57;72961
CM;47;58;66910
CM;47;59;77478
CM;47;60;69049
CM;47;61;74474
CM;47;62;71249
CM;47;63;86231
CM;47;64;86890
CM;47;65;76518
CM;47;66;83256
CM;47;67;81549
CM;47;68;79545
CM;47;69;84366
CM;47;70;81222
CM;47;71;85850
CM;47;72;89238
CM;47;73;85128
CM;47;74;87148
CM;47;75;99090
CM;48;1;1203
CM;48;2;2742
CM;48;3;3697
CM;48;4;4619
CM;48;5;6307
CM;48;6;7275
CM;48;7;8301
CM;48;8;9440
CM;48;9;10631
CM;48;10;11874
CM;48;11;13153
CM;48;12;16462
CM;48;13;15618
CM;48;14;16677
CM;48;15;17740
CM;48;16;18974
CM;48;17;20053
CM;48;18;24430
CM;48;19;23674
CM;48;20;23804
CM;48;21;25369
CM;48;22;27180
CM;48;23;33566
CM;48;24;29471
CM;48;25;30175
CM;48;26;30467
CM;48;27;39052
CM;48;28;33644
CM;48;29;34867
CM;48;30;37432
CM;48;31;37650
CM;48;32;38193
CM;48;33;39203
CM;48;34;41032
CM;48;35;42328
CM;48;36;42958
CM;48;37;93715
CM;48;38;100054
CM;48;39;63740
CM;48;40;69459
CM;48;41;50906
CM;48;42;57095
CM;48;43;51415
CM;48;44;53962
CM;48;45;54324
CM;48;46;56974
CM;48;47;56279
CM;48;48;56801
CM;48;49;66291
CM;48;50;60148
CM;48;51;72745
CM;48;52;62142
CM;48;53;71302
CM;48;54;64988
CM;48;55;65908
CM;48;56;68038
CM;48;57;72372
CM;48;58;75519
CM;48;59;71265
CM;48;60;79412
CM;48;61;73469
CM;48;62;73594
CM;48;63;80289
CM;48;64;76901
CM;48;65;86692
CM;48;66;91688
CM;48;67;80325
CM;48;68;86385
CM;48;69;87987
CM;48;70;82848
CM;48;71;86427
CM;48;72;91600
CM;48;73;86334
CM;48;74;87921
CM;48;75;95321
CM;49;1;1193
CM;49;2;4620
CM;49;3;5261
CM;49;4;5043
CM;49;5;6286
CM;49;6;7190
CM;49;7;8395
CM;49;8;9705
CM;49;9;10735
CM;49;10;16094
CM;49;11;18691
CM;49;12;19301
CM;49;13;15845
CM;49;14;17122
CM;49;15;18188
CM;49;16;19123
CM;49;17;22081
CM;49;18;22523
CM;49;19;23530
CM;49;20;24404
CM;49;21;25359
CM;49;22;33362
CM;49;23;28704
CM;49;24;29408
CM;49;25;30291
CM;49;26;35386
CM;49;27;33507
CM;49;28;34218
CM;49;29;34791
CM;49;30;41234
CM;49;31;39217
CM;49;32;39000
CM;49;33;48064
CM;49;34;41615
CM;49;35;42311
CM;49;36;49893
CM;49;37;45963
CM;49;38;46193
CM;49;39;59637
CM;49;40;48196
CM;49;41;51505
CM;49;42;51563
CM;49;43;51809
CM;49;44;56811
CM;49;45;54900
CM;49;46;61069
CM;49;47;58191
CM;49;48;59835
CM;49;49;60433
CM;49;50;60695
CM;49;51;63402
CM;49;52;62120
CM;49;53;66989
CM;49;54;66388
CM;49;55;79656
CM;49;56;76710
CM;49;57;70659
CM;49;58;75067
CM;49;59;73063
CM;49;60;88516
CM;49;61;73966
CM;49;62;78614
CM;49;63;82452
CM;49;64;78128
CM;49;65;82956
CM;49;66;82592
CM;49;67;85209
CM;49;68;101686
CM;49;69;85922
CM;49;70;85849
CM;49;71;93725
CM;49;72;91050
CM;49;73;88353
CM;49;74;94254
CM;49;75;97569
CM;50;1;1202
CM;50;2;2524
CM;50;3;3684
CM;50;4;5187
CM;50;5;6287
CM;50;6;7486
CM;50;7;8616
CM;50;8;9913
CM;50;9;10967
CM;50;10;12498
CM;50;11;13463
CM;50;12;16723
CM;50;13;18108
CM;50;14;17125
CM;50;15;18466
CM;50;16;20129
CM;50;17;20809
CM;50;18;23676
CM;50;19;27537
CM;50;20;25021
CM;50;21;26201
CM;50;22;27034
CM;50;23;32783
CM;50;24;30059
CM;50;25;30978
CM;50;26;32239
CM;50;27;36967
CM;50;28;36268
CM;50;29;35407
CM;50;30;37066
CM;50;31;44417
CM;50;32;39927
CM;50;33;41355
CM;50;34;49398
CM;50;35;44349
CM;50;36;44709
CM;50;37;51164
CM;50;38;46890
CM;50;39;49592
CM;50;40;49487
CM;50;41;58651
CM;50;42;56936
CM;50;43;53789
CM;50;44;59724
CM;50;45;55674
CM;50;46;61002
CM;50;47;61212
CM;50;48;62162
CM;50;49;61133
CM;50;50;61215
CM;50;51;64372
CM;50;52;65011
CM;50;53;66821
CM;50;54;68354
CM;50;55;68678
CM;50;56;76433
CM;50;57;71736
CM;50;58;77985
CM;50;59;72992
CM;50;60;76289
CM;50;61;78621
CM;50;62;77466
CM;50;63;87558
CM;50;64;79595
CM;50;65;87026
CM;50;66;90277
CM;50;67;83521
CM;50;68;94612
CM;50;69;93978
CM;50;70;86070
CM;50;71;88624
CM;50;72;95173
CM;50;73;89889
CM;50;74;91983
CM;50;75;98320
CM;51;1;1222
CM;51;2;2590
CM;51;3;3692
CM;51;4;5243
CM;51;5;6973
CM;51;6;7954
CM;51;7;8834
CM;51;8;10146
CM;51;9;11313
CM;51;10;13741
CM;51;11;14718
CM;51;12;16245
CM;51;13;16526
CM;51;14;17722
CM;51;15;18796
CM;51;16;20110
CM;51;17;28409
CM;51;18;33223
CM;51;19;24722
CM;51;20;24956
CM;51;21;26329
CM;51;22;31394
CM;51;23;31543
CM;51;24;30620
CM;51;25;31916
CM;51;26;38362
CM;51;27;34823
CM;51;28;35125
CM;51;29;36121
CM;51;30;41807
CM;51;31;39430
CM;51;32;39990
CM;51;33;50373
CM;51;34;43246
CM;51;35;43851
CM;51;36;50819
CM;51;37;46639
CM;51;38;47954
CM;51;39;50645
CM;51;40;52028
CM;51;41;58880
CM;51;42;52953
CM;51;43;56777
CM;51;44;58751
CM;51;45;56629
CM;51;46;58651
CM;51;47;59950
CM;51;48;64653
CM;51;49;62551
CM;51;50;72222
CM;51;51;64067
CM;51;52;72560
CM;51;53;66964
CM;51;54;70732
CM;51;55;68895
CM;51;56;71342
CM;51;57;80167
CM;51;58;73181
CM;51;59;84906
CM;51;60;75773
CM;51;61;83396
CM;51;62;85519
CM;51;63;80435
CM;51;64;89584
CM;51;65;81657
CM;51;66;90084
CM;51;67;97302
CM;51;68;89639
CM;51;69;88610
CM;51;70;98444
CM;51;71;98396
CM;51;72;91092
CM;51;73;94954
CM;51;74;104200
CM;51;75;98091
CM;52;1;1267
CM;52;2;3004
CM;52;3;4375
CM;52;4;5107
CM;52;5;6463
CM;52;6;7878
CM;52;7;8800
CM;52;8;10380
CM;52;9;11820
CM;52;10;12755
CM;52;11;14026
CM;52;12;15768
CM;52;13;18561
CM;52;14;18771
CM;52;15;19864
CM;52;16;20626
CM;52;17;22013
CM;52;18;22862
CM;52;19;33968
CM;52;20;35045
CM;52;21;27104
CM;52;22;28012
CM;52;23;39145
CM;52;24;31944
CM;52;25;32952
CM;52;26;33554
CM;52;27;39626
CM;52;28;35749
CM;52;29;37450
CM;52;30;42970
CM;52;31;40268
CM;52;32;40831
CM;52;33;48151
CM;52;34;44789
CM;52;35;46198
CM;52;36;54233
CM;52;37;47944
CM;52;38;48563
CM;52;39;53994
CM;52;40;61260
CM;52;41;72429
CM;52;42;53981
CM;52;43;68188
CM;52;44;56669
CM;52;45;60936
CM;52;46;60209
CM;52;47;60488
CM;52;48;66628
CM;52;49;62832
CM;52;50;66795
CM;52;51;65811
CM;52;52;67359
CM;52;53;69508
CM;52;54;70511
CM;52;55;76338
CM;52;56;72844
CM;52;57;88332
CM;52;58;74778
CM;52;59;79879
CM;52;60;81301
CM;52;61;78837
CM;52;62;86085
CM;52;63;81043
CM;52;64;84926
CM;52;65;89817
CM;52;66;85341
CM;52;67;98912
CM;52;68;106471
CM;52;69;95130
CM;52;70;90253
CM;52;71;94561
CM;52;72;99997
CM;52;73;96687
CM;52;74;96018
CM;52;75;103016
CM;53;1;1273
CM;53;2;3201
CM;53;3;3884
CM;53;4;5825
CM;53;5;6709
CM;53;6;8309
CM;53;7;9108
CM;53;8;11835
CM;53;9;13046
CM;53;10;13608
CM;53;11;14364
CM;53;12;15784
CM;53;13;17116
CM;53;14;19886
CM;53;15;19566
CM;53;16;27671
CM;53;17;26843
CM;53;18;23614
CM;53;19;24899
CM;53;20;26035
CM;53;21;37649
CM;53;22;29225
CM;53;23;29854
CM;53;24;31454
CM;53;25;35072
CM;53;26;38140
CM;53;27;51613
CM;53;28;52157
CM;53;29;50909
CM;53;30;61639
CM;53;31;61613
CM;53;32;72413
CM;53;33;63684
CM;53;34;63091
CM;53;35;67883
CM;53;36;72494
CM;53;37;75750
CM;53;38;86819
CM;53;39;82511
CM;53;40;79439
CM;53;41;86309
CM;53;42;78006
CM;53;43;81012
CM;53;44;92319
CM;53;45;88565
CM;53;46;88034
CM;53;47;87479
CM;53;48;88513
CM;53;49;93647
CM;53;50;105760
CM;53;51;100424
CM;53;52;78442
CM;53;53;101382
CM;53;54;96677
CM;53;55;86627
CM;53;56;76192
CM;53;57;81037
CM;53;58;77425
CM;53;59;92501
CM;53;60;80787
CM;53;61;97569
CM;53;62;91968
CM;53;63;90015
CM;53;64;84610
CM;53;65;92595
CM;53;66;92693
CM;53;67;87700
CM;53;68;96555
CM;53;69;97162
CM;53;70;92435
CM;53;71;95796
CM;53;72;111827
CM;53;73;101895
CM;53;74;97495
CM;53;75;100216
CM;54;1;1299
CM;54;2;3091
CM;54;3;3966
CM;54;4;5293
CM;54;5;7468
CM;54;6;8278
CM;54;7;13185
CM;54;8;11451
CM;54;9;11902
CM;54;10;13502
CM;54;11;14781
CM;54;12;16119
CM;54;13;17115
CM;54;14;18452
CM;54;15;26640
CM;54;16;22148
CM;54;17;22771
CM;54;18;24011
CM;54;19;24991
CM;54;20;31135
CM;54;21;28209
CM;54;22;29560
CM;54;23;30412
CM;54;24;36332
CM;54;25;35994
CM;54;26;34550
CM;54;27;36422
CM;54;28;47107
CM;54;29;39386
CM;54;30;45234
CM;54;31;49522
CM;54;32;46862
CM;54;33;44040
CM;54;34;48575
CM;54;35;47847
CM;54;36;53698
CM;54;37;49132
CM;54;38;50225
CM;54;39;54951
CM;54;40;53184
CM;54;41;60466
CM;54;42;56076
CM;54;43;62071
CM;54;44;59694
CM;54;45;60095
CM;54;46;67405
CM;54;47;63168
CM;54;48;65429
CM;54;49;67342
CM;54;50;67006
CM;54;51;69690
CM;54;52;70008
CM;54;53;77087
CM;54;54;72094
CM;54;55;81421
CM;54;56;74876
CM;54;57;79218
CM;54;58;89158
CM;54;59;84736
CM;54;60;88052
CM;54;61;86281
CM;54;62;82077
CM;54;63;85964
CM;54;64;93031
CM;54;65;86795
CM;54;66;89054
CM;54;67;99065
CM;54;68;94259
CM;54;69;100772
CM;54;70;102551
CM;54;71;104339
CM;54;72;95978
CM;54;73;97069
CM;54;74;101949
CM;54;75;107121
CM;55;1;1351
CM;55;2;2694
CM;55;3;4413
CM;55;4;5938
CM;55;5;6854
CM;55;6;8146
CM;55;7;9437
CM;55;8;11189
CM;55;9;12386
CM;55;10;15254
CM;55;11;16969
CM;55;12;16805
CM;55;13;17641
CM;55;14;19021
CM;55;15;21049
CM;55;16;21336
CM;55;17;32372
CM;55;18;26280
CM;55;19;25913
CM;55;20;28722
CM;55;21;32018
CM;55;22;32002
CM;55;23;32040
CM;55;24;33285
CM;55;25;39257
CM;55;26;35946
CM;55;27;36778
CM;55;28;40847
CM;55;29;39744
CM;55;30;40824
CM;55;31;42781
CM;55;32;44494
CM;55;33;45852
CM;55;34;49628
CM;55;35;48181
CM;55;36;50694
CM;55;37;59201
CM;55;38;52745
CM;55;39;56425
CM;55;40;54902
CM;55;41;55792
CM;55;42;59713
CM;55;43;58569
CM;55;44;62472
CM;55;45;62335
CM;55;46;71482
CM;55;47;63638
CM;55;48;67168
CM;55;49;66903
CM;55;50;70042
CM;55;51;69206
CM;55;52;71599
CM;55;53;85006
CM;55;54;73636
CM;55;55;97652
CM;55;56;79047
CM;55;57;81435
CM;55;58;87874
CM;55;59;80459
CM;55;60;82493
CM;55;61;90645
CM;55;62;84791
CM;55;63;90586
CM;55;64;95247
CM;55;65;88541
CM;55;66;91076
CM;55;67;101176
CM;55;68;96682
CM;55;69;94975
CM;55;70;99397
CM;55;71;101729
CM;55;72;104147
CM;55;73;99589
CM;55;74;110617
CM;55;75;111760
CM;56;1;1349
CM;56;2;3474
CM;56;3;4290
CM;56;4;6087
CM;56;5;6982
CM;56;6;8240
CM;56;7;9560
CM;56;8;12859
CM;56;9;18378
CM;56;10;13998
CM;56;11;15282
CM;56;12;17453
CM;56;13;18048
CM;56;14;19399
CM;56;15;22306
CM;56;16;23691
CM;56;17;23847
CM;56;18;25133
CM;56;19;26252
CM;56;20;31522
CM;56;21;31420
CM;56;22;30729
CM;56;23;31915
CM;56;24;34836
CM;56;25;36294
CM;56;26;35772
CM;56;27;37426
CM;56;28;44868
CM;56;29;40122
CM;56;30;41737
CM;56;31;50347
CM;56;32;45183
CM;56;33;45658
CM;56;34;53287
CM;56;35;49995
CM;56;36;55653
CM;56;37;52390
CM;56;38;53243
CM;56;39;55854
CM;56;40;55252
CM;56;41;62638
CM;56;42;58781
CM;56;43;64399
CM;56;44;61745
CM;56;45;69409
CM;56;46;63303
CM;56;47;78707
CM;56;48;66951
CM;56;49;80388
CM;56;50;69245
CM;56;51;72281
CM;56;52;74273
CM;56;53;74396
CM;56;54;86394
CM;56;55;76474
CM;56;56;86199
CM;56;57;83418
CM;56;58;80898
CM;56;59;93344
CM;56;60;85983
CM;56;61;85267
CM;56;62;96696
CM;56;63;89563
CM;56;64;88952
CM;56;65;95497
CM;56;66;96690
CM;56;67;93088
CM;56;68;101468
CM;56;69;102371
CM;56;70;109006
CM;56;71;104889
CM;56;72;100787
CM;56;73;103780
CM;56;74;109643
CM;56;75;110859
CM;57;1;1404
CM;57;2;5844
CM;57;3;6572
CM;57;4;5608
CM;57;5;7166
CM;57;6;8561
CM;57;7;9881
CM;57;8;11351
CM;57;9;12855
CM;57;10;17118
CM;57;11;16291
CM;57;12;17056
CM;57;13;18063
CM;57;14;19617
CM;57;15;21299
CM;57;16;22549
CM;57;17;25635
CM;57;18;25900
CM;57;19;27150
CM;57;20;27941
CM;57;21;29461
CM;57;22;43681
CM;57;23;32728
CM;57;24;33694
CM;57;25;54075
CM;57;26;37428
CM;57;27;38361
CM;57;28;47476
CM;57;29;41241
CM;57;30;43170
CM;57;31;51988
CM;57;32;45836
CM;57;33;46454
CM;57;34;55653
CM;57;35;49927
CM;57;36;55618
CM;57;37;52797
CM;57;38;55025
CM;57;39;56709
CM;57;40;56430
CM;57;41;63793
CM;57;42;60383
CM;57;43;71701
CM;57;44;62520
CM;57;45;87316
CM;57;46;65226
CM;57;47;70616
CM;57;48;67585
CM;57;49;75928
CM;57;50;72064
CM;57;51;74004
CM;57;52;77546
CM;57;53;74711
CM;57;54;84397
CM;57;55;78711
CM;57;56;79541
CM;57;57;103910
CM;57;58;81720
CM;57;59;89321
CM;57;60;93316
CM;57;61;85630
CM;57;62;88661
CM;57;63;94605
CM;57;64;94025
CM;57;65;92855
CM;57;66;100317
CM;57;67;101484
CM;57;68;95919
CM;57;69;106474
CM;57;70;106704
CM;57;71;108040
CM;57;72;114816
CM;57;73;123732
CM;57;74;104803
CM;57;75;156311
CM;58;1;4143
CM;58;2;6960
CM;58;3;5574
CM;58;4;8294
CM;58;5;8931
CM;58;6;10828
CM;58;7;13536
CM;58;8;14153
CM;58;9;20491
CM;58;10;20950
CM;58;11;28340
CM;58;12;20331
CM;58;13;19269
CM;58;14;20452
CM;58;15;26435
CM;58;16;26901
CM;58;17;25039
CM;58;18;25733
CM;58;19;26995
CM;58;20;31120
CM;58;21;32343
CM;58;22;32116
CM;58;23;33264
CM;58;24;38087
CM;58;25;36136
CM;58;26;37961
CM;58;27;38643
CM;58;28;41354
CM;58;29;43273
CM;58;30;43310
CM;58;31;45144
CM;58;32;45907
CM;58;33;49721
CM;58;34;49502
CM;58;35;49845
CM;58;36;78931
CM;58;37;53357
CM;58;38;70863
CM;58;39;56754
CM;58;40;65340
CM;58;41;59937
CM;58;42;69634
CM;58;43;65608
CM;58;44;67665
CM;58;45;65459
CM;58;46;71637
CM;58;47;68438
CM;58;48;74283
CM;58;49;82481
CM;58;50;75482
CM;58;51;72893
CM;58;52;75284
CM;58;53;89305
CM;58;54;77659
CM;58;55;80017
CM;58;56;89995
CM;58;57;81943
CM;58;58;87267
CM;58;59;88749
CM;58;60;86750
CM;58;61;91793
CM;58;62;100110
CM;58;63;92816
CM;58;64;93618
CM;58;65;107183
CM;58;66;99635
CM;58;67;97186
CM;58;68;98389
CM;58;69;107726
CM;58;70;109616
CM;58;71;112537
CM;58;72;103541
CM;58;73;106866
CM;58;74;109048
CM;58;75;116088
CM;59;1;1466
CM;59;2;3541
CM;59;3;4816
CM;59;4;5902
CM;59;5;7541
CM;59;6;8591
CM;59;7;10292
CM;59;8;11829
CM;59;9;15420
CM;59;10;16867
CM;59;11;16446
CM;59;12;17397
CM;59;13;19269
CM;59;14;20330
CM;59;15;23549
CM;59;16;26684
CM;59;17;25302
CM;59;18;26438
CM;59;19;27569
CM;59;20;30848
CM;59;21;36358
CM;59;22;31943
CM;59;23;33466
CM;59;24;38128
CM;59;25;49818
CM;59;26;37671
CM;59;27;40876
CM;59;28;42399
CM;59;29;42645
CM;59;30;45817
CM;59;31;46352
CM;59;32;46894
CM;59;33;55178
CM;59;34;49767
CM;59;35;53385
CM;59;36;56123
CM;59;37;57808
CM;59;38;66342
CM;59;39;56555
CM;59;40;63306
CM;59;41;59510
CM;59;42;74757
CM;59;43;62883
CM;59;44;72402
CM;59;45;65206
CM;59;46;70484
CM;59;47;68539
CM;59;48;74294
CM;59;49;73041
CM;59;50;73612
CM;59;51;79276
CM;59;52;75513
CM;59;53;83694
CM;59;54;78885
CM;59;55;81499
CM;59;56;96893
CM;59;57;84685
CM;59;58;89654
CM;59;59;93182
CM;59;60;91407
CM;59;61;89930
CM;59;62;99341
CM;59;63;96979
CM;59;64;93743
CM;59;65;96342
CM;59;66;102167
CM;59;67;110082
CM;59;68;102785
CM;59;69;102191
CM;59;70;103467
CM;59;71;111598
CM;59;72;112844
CM;59;73;111866
CM;59;74;110612
CM;59;75;110719
CM;60;1;1471
CM;60;2;3407
CM;60;3;5177
CM;60;4;5931
CM;60;5;8943
CM;60;6;10065
CM;60;7;10962
CM;60;8;12471
CM;60;9;13531
CM;60;10;14930
CM;60;11;16217
CM;60;12;17803
CM;60;13;19449
CM;60;14;29972
CM;60;15;22925
CM;60;16;24152
CM;60;17;25608
CM;60;18;28186
CM;60;19;29431
CM;60;20;29747
CM;60;21;31053
CM;60;22;36772
CM;60;23;34410
CM;60;24;35698
CM;60;25;37424
CM;60;26;43833
CM;60;27;40986
CM;60;28;41782
CM;60;29;47009
CM;60;30;45942
CM;60;31;47081
CM;60;32;49672
CM;60;33;50183
CM;60;34;57103
CM;60;35;52083
CM;60;36;54227
CM;60;37;55686
CM;60;38;57154
CM;60;39;63121
CM;60;40;60217
CM;60;41;70191
CM;60;42;62860
CM;60;43;70312
CM;60;44;66494
CM;60;45;72880
CM;60;46;67884
CM;60;47;70275
CM;60;48;74159
CM;60;49;73424
CM;60;50;83157
CM;60;51;76296
CM;60;52;89384
CM;60;53;84378
CM;60;54;82300
CM;60;55;87635
CM;60;56;85872
CM;60;57;84754
CM;60;58;96637
CM;60;59;92274
CM;60;60;90303
CM;60;61;95119
CM;60;62;100720
CM;60;63;109181
CM;60;64;95293
CM;60;65;101898
CM;60;66;106382
CM;60;67;104241
CM;60;68;101204
CM;60;69;102939
CM;60;70;114405
CM;60;71;122550
CM;60;72;117204
CM;60;73;114264
CM;60;74;110684
CM;60;75;113110
CM;61;1;1479
CM;61;2;3025
CM;61;3;4585
CM;61;4;6194
CM;61;5;12050
CM;61;6;14993
CM;61;7;10691
CM;61;8;14499
CM;61;9;14029
CM;61;10;15500
CM;61;11;16291
CM;61;12;19463
CM;61;13;23016
CM;61;14;21267
CM;61;15;22656
CM;61;16;25693
CM;61;17;25706
CM;61;18;28586
CM;61;19;28818
CM;61;20;30323
CM;61;21;31487
CM;61;22;54917
CM;61;23;35498
CM;61;24;35850
CM;61;25;50203
CM;61;26;40320
CM;61;27;40713
CM;61;28;47820
CM;61;29;43546
CM;61;30;44914
CM;61;31;50307
CM;61;32;50031
CM;61;33;52822
CM;61;34;52399
CM;61;35;52068
CM;61;36;58970
CM;61;37;55821
CM;61;38;66156
CM;61;39;61014
CM;61;40;67541
CM;61;41;61863
CM;61;42;73478
CM;61;43;64929
CM;61;44;78462
CM;61;45;67926
CM;61;46;74364
CM;61;47;70813
CM;61;48;74212
CM;61;49;79258
CM;61;50;74722
CM;61;51;84631
CM;61;52;78102
CM;61;53;82568
CM;61;54;87685
CM;61;55;82951
CM;61;56;102415
CM;61;57;96278
CM;61;58;87207
CM;61;59;89529
CM;61;60;97993
CM;61;61;93441
CM;61;62;93477
CM;61;63;100290
CM;61;64;103756
CM;61;65;100890
CM;61;66;98860
CM;61;67;111208
CM;61;68;106919
CM;61;69;108492
CM;61;70;118554
CM;61;71;112526
CM;61;72;108820
CM;61;73;110037
CM;61;74;115179
CM;61;75;129339
CM;62;1;1538
CM;62;2;3127
CM;62;3;4590
CM;62;4;6210
CM;62;5;7907
CM;62;6;9211
CM;62;7;19386
CM;62;8;25973
CM;62;9;14835
CM;62;10;15913
CM;62;11;16669
CM;62;12;18498
CM;62;13;22345
CM;62;14;22183
CM;62;15;23042
CM;62;16;24457
CM;62;17;26046
CM;62;18;33598
CM;62;19;30023
CM;62;20;30789
CM;62;21;31867
CM;62;22;40286
CM;62;23;35900
CM;62;24;36422
CM;62;25;41576
CM;62;26;40414
CM;62;27;41655
CM;62;28;48469
CM;62;29;44989
CM;62;30;46726
CM;62;31;51394
CM;62;32;48783
CM;62;33;59016
CM;62;34;51810
CM;62;35;53464
CM;62;36;56376
CM;62;37;56747
CM;62;38;60768
CM;62;39;59349
CM;62;40;61724
CM;62;41;63292
CM;62;42;65442
CM;62;43;68165
CM;62;44;68272
CM;62;45;73156
CM;62;46;71187
CM;62;47;85410
CM;62;48;73858
CM;62;49;77687
CM;62;50;84095
CM;62;51;78683
CM;62;52;81102
CM;62;53;86763
CM;62;54;83280
CM;62;55;91743
CM;62;56;90858
CM;62;57;90236
CM;62;58;89421
CM;62;59;98418
CM;62;60;100650
CM;62;61;96639
CM;62;62;94901
CM;62;63;99925
CM;62;64;112194
CM;62;65;109568
CM;62;66;107330
CM;62;67;103011
CM;62;68;104158
CM;62;69;106773
CM;62;70;112487
CM;62;71;119960
CM;62;72;116950
CM;62;73;119009
CM;62;74;134394
CM;62;75;127653
CM;63;1;1515
CM;63;2;3133
CM;63;3;4829
CM;63;4;6385
CM;63;5;8070
CM;63;6;9843
CM;63;7;10842
CM;63;8;12439
CM;63;9;14099
CM;63;10;18755
CM;63;11;18568
CM;63;12;19489
CM;63;13;20598
CM;63;14;21712
CM;63;15;23740
CM;63;16;33035
CM;63;17;26910
CM;63;18;29000
CM;63;19;29281
CM;63;20;34060
CM;63;21;33936
CM;63;22;34425
CM;63;23;37780
CM;63;24;42526
CM;63;25;39158
CM;63;26;40443
CM;63;27;48016
CM;63;28;43967
CM;63;29;44962
CM;63;30;66233
CM;63;31;48374
CM;63;32;58691
CM;63;33;52578
CM;63;34;53038
CM;63;35;57089
CM;63;36;56473
CM;63;37;63568
CM;63;38;58976
CM;63;39;68156
CM;63;40;62632
CM;63;41;74640
CM;63;42;65838
CM;63;43;75805
CM;63;44;68500
CM;63;45;85379
CM;63;46;72985
CM;63;47;74771
CM;63;48;82445
CM;63;49;75915
CM;63;50;86787
CM;63;51;81703
CM;63;52;83239
CM;63;53;92069
CM;63;54;83850
CM;63;55;86445
CM;63;56;118845
CM;63;57;95166
CM;63;58;91210
CM;63;59;92902
CM;63;60;102664
CM;63;61;100515
CM;63;62;97210
CM;63;63;101379
CM;63;64;106689
CM;63;65;123253
CM;63;66;128921
CM;63;67;110926
CM;63;68;107202
CM;63;69;108229
CM;63;70;111875
CM;63;71;118923
CM;63;72;122903
CM;63;73;120313
CM;63;74;127588
CM;63;75;118961
CM;64;1;1553
CM;64;2;4264
CM;64;3;7158
CM;64;4;8771
CM;64;5;8355
CM;64;6;9996
CM;64;7;11642
CM;64;8;12478
CM;64;9;15438
CM;64;10;16684
CM;64;11;29827
CM;64;12;23786
CM;64;13;25540
CM;64;14;23194
CM;64;15;39623
CM;64;16;28014
CM;64;17;46981
CM;64;18;40377
CM;64;19;38871
CM;64;20;46864
CM;64;21;33058
CM;64;22;39393
CM;64;23;36891
CM;64;24;37923
CM;64;25;43554
CM;64;26;42362
CM;64;27;44473
CM;64;28;52326
CM;64;29;46195
CM;64;30;48868
CM;64;31;75237
CM;64;32;50901
CM;64;33;58116
CM;64;34;53496
CM;64;35;58467
CM;64;36;57778
CM;64;37;60353
CM;64;38;60886
CM;64;39;61770
CM;64;40;65594
CM;64;41;64263
CM;64;42;67352
CM;64;43;70982
CM;64;44;70479
CM;64;45;86168
CM;64;46;81173
CM;64;47;78102
CM;64;48;104798
CM;64;49;77799
CM;64;50;81237
CM;64;51;87109
CM;64;52;82096
CM;64;53;90553
CM;64;54;92733
CM;64;55;86801
CM;64;56;101455
CM;64;57;102790
CM;64;58;94000
CM;64;59;92989
CM;64;60;98856
CM;64;61;104566
CM;64;62;97738
CM;64;63;99809
CM;64;64;105356
CM;64;65;112324
CM;64;66;127989
CM;64;67;116183
CM;64;68;110221
CM;64;69;109514
CM;64;70;112981
CM;64;71;117592
CM;64;72;123944
CM;64;73;122534
CM;64;74;134754
CM;64;75;129726
CM;65;1;1734
CM;65;2;3228
CM;65;3;4815
CM;65;4;6460
CM;65;5;8401
CM;65;6;9848
CM;65;7;11030
CM;65;8;12930
CM;65;9;16086
CM;65;10;18190
CM;65;11;18294
CM;65;12;19549
CM;65;13;21143
CM;65;14;22718
CM;65;15;26442
CM;65;16;26028
CM;65;17;28117
CM;65;18;28670
CM;65;19;30357
CM;65;20;33497
CM;65;21;33875
CM;65;22;35228
CM;65;23;43434
CM;65;24;38621
CM;65;25;41210
CM;65;26;44054
CM;65;27;49547
CM;65;28;44711
CM;65;29;62437
CM;65;30;49611
CM;65;31;49647
CM;65;32;66352
CM;65;33;53401
CM;65;34;61588
CM;65;35;56022
CM;65;36;62952
CM;65;37;59121
CM;65;38;69719
CM;65;39;62413
CM;65;40;71064
CM;65;41;66811
CM;65;42;77919
CM;65;43;70280
CM;65;44;78609
CM;65;45;74385
CM;65;46;74334
CM;65;47;83144
CM;65;48;76781
CM;65;49;82723
CM;65;50;86034
CM;65;51;90776
CM;65;52;92777
CM;65;53;86796
CM;65;54;87041
CM;65;55;93216
CM;65;56;97193
CM;65;57;92479
CM;65;58;96014
CM;65;59;99999
CM;65;60;101466
CM;65;61;98824
CM;65;62;99897
CM;65;63;106058
CM;65;64;111547
CM;65;65;109028
CM;65;66;108821
CM;65;67;110059
CM;65;68;110124
CM;65;69;111132
CM;65;70;118930
CM;65;71;123056
CM;65;72;123088
CM;65;73;126642
CM;65;74;122783
CM;65;75;131946
CM;66;1;1659
CM;66;2;3223
CM;66;3;7713
CM;66;4;6817
CM;66;5;8565
CM;66;6;10508
CM;66;7;11723
CM;66;8;13591
CM;66;9;14864
CM;66;10;21872
CM;66;11;19216
CM;66;12;20181
CM;66;13;21557
CM;66;14;23068
CM;66;15;24313
CM;66;16;27867
CM;66;17;28464
CM;66;18;30443
CM;66;19;30793
CM;66;20;37234
CM;66;21;34864
CM;66;22;36068
CM;66;23;39583
CM;66;24;39668
CM;66;25;40881
CM;66;26;42909
CM;66;27;44814
CM;66;28;46094
CM;66;29;51716
CM;66;30;49542
CM;66;31;50049
CM;66;32;66630
CM;66;33;53806
CM;66;34;62954
CM;66;35;57659
CM;66;36;64340
CM;66;37;61433
CM;66;38;76293
CM;66;39;72531
CM;66;40;72018
CM;66;41;67006
CM;66;42;73448
CM;66;43;69862
CM;66;44;72869
CM;66;45;81973
CM;66;46;110991
CM;66;47;126962
CM;66;48;95437
CM;66;49;87867
CM;66;50;81568
CM;66;51;85181
CM;66;52;90555
CM;66;53;87838
CM;66;54;88977
CM;66;55;95889
CM;66;56;96516
CM;66;57;94955
CM;66;58;99628
CM;66;59;105783
CM;66;60;109323
CM;66;61;99966
CM;66;62;102090
CM;66;63;107590
CM;66;64;109834
CM;66;65;132141
CM;66;66;124258
CM;66;67;116022
CM;66;68;116589
CM;66;69;112617
CM;66;70;114982
CM;66;71;117817
CM;66;72;123028
CM;66;73;136159
CM;66;74;141992
CM;66;75;129666
CM;67;1;1658
CM;67;2;3853
CM;67;3;5211
CM;67;4;6494
CM;67;5;8225
CM;67;6;9852
CM;67;7;11356
CM;67;8;15085
CM;67;9;15259
CM;67;10;18591
CM;67;11;18646
CM;67;12;19956
CM;67;13;22221
CM;67;14;25257
CM;67;15;25051
CM;67;16;26548
CM;67;17;28292
CM;67;18;29642
CM;67;19;36335
CM;67;20;34114
CM;67;21;35640
CM;67;22;39901
CM;67;23;38606
CM;67;24;40235
CM;67;25;43880
CM;67;26;63948
CM;67;27;44213
CM;67;28;56643
CM;67;29;48322
CM;67;30;52697
CM;67;31;52472
CM;67;32;53016
CM;67;33;60938
CM;67;34;57180
CM;67;35;66623
CM;67;36;60684
CM;67;37;67416
CM;67;38;63024
CM;67;39;73033
CM;67;40;66706
CM;67;41;81477
CM;67;42;68848
CM;67;43;85945
CM;67;44;72672
CM;67;45;74815
CM;67;46;81920
CM;67;47;78149
CM;67;48;89706
CM;67;49;84770
CM;67;50;84082
CM;67;51;91071
CM;67;52;87607
CM;67;53;89834
CM;67;54;98098
CM;67;55;103033
CM;67;56;97206
CM;67;57;96089
CM;67;58;104177
CM;67;59;105166
CM;67;60;104021
CM;67;61;100973
CM;67;62;115364
CM;67;63;108837
CM;67;64;114409
CM;67;65;113630
CM;67;66;113816
CM;67;67;114343
CM;67;68;113583
CM;67;69;114193
CM;67;70;125420
CM;67;71;123092
CM;67;72;126568
CM;67;73;129388
CM;67;74;129073
CM;67;75;129921
CM;68;1;1692
CM;68;2;3805
CM;68;3;5030
CM;68;4;6755
CM;68;5;8470
CM;68;6;10076
CM;68;7;11824
CM;68;8;18911
CM;68;9;15946
CM;68;10;17048
CM;68;11;18713
CM;68;12;20340
CM;68;13;21645
CM;68;14;26732
CM;68;15;26350
CM;68;16;26872
CM;68;17;28985
CM;68;18;31699
CM;68;19;46321
CM;68;20;47629
CM;68;21;35587
CM;68;22;41248
CM;68;23;38786
CM;68;24;40041
CM;68;25;46597
CM;68;26;44398
CM;68;27;45871
CM;68;28;49102
CM;68;29;48603
CM;68;30;55284
CM;68;31;52263
CM;68;32;55566
CM;68;33;56825
CM;68;34;57073
CM;68;35;65709
CM;68;36;60401
CM;68;37;78868
CM;68;38;64627
CM;68;39;71758
CM;68;40;67692
CM;68;41;69271
CM;68;42;74320
CM;68;43;79810
CM;68;44;88195
CM;68;45;80224
CM;68;46;83482
CM;68;47;107028
CM;68;48;112395
CM;68;49;89497
CM;68;50;116181
CM;68;51;103762
CM;68;52;108551
CM;68;53;107157
CM;68;54;96237
CM;68;55;96371
CM;68;56;104708
CM;68;57;98488
CM;68;58;97797
CM;68;59;120955
CM;68;60;138710
CM;68;61;112997
CM;68;62;109397
CM;68;63;106859
CM;68;64;109158
CM;68;65;115044
CM;68;66;122011
CM;68;67;122694
CM;68;68;129267
CM;68;69;133198
CM;68;70;123753
CM;68;71;125242
CM;68;72;125642
CM;68;73;125255
CM;68;74;130287
CM;68;75;135850
CM;69;1;1949
CM;69;2;3612
CM;69;3;8602
CM;69;4;6940
CM;69;5;8549
CM;69;6;9966
CM;69;7;11885
CM;69;8;13386
CM;69;9;15410
CM;69;10;17156
CM;69;11;19728
CM;69;12;21949
CM;69;13;22748
CM;69;14;23746
CM;69;15;26316
CM;69;16;32694
CM;69;17;29457
CM;69;18;30913
CM;69;19;31847
CM;69;20;44983
CM;69;21;38713
CM;69;22;37871
CM;69;23;43203
CM;69;24;46281
CM;69;25;43024
CM;69;26;49070
CM;69;27;46173
CM;69;28;48041
CM;69;29;53822
CM;69;30;51795
CM;69;31;63203
CM;69;32;56475
CM;69;33;57869
CM;69;34;59101
CM;69;35;59206
CM;69;36;62891
CM;69;37;63552
CM;69;38;65898
CM;69;39;67965
CM;69;40;68694
CM;69;41;76196
CM;69;42;72201
CM;69;43;80984
CM;69;44;74584
CM;69;45;92362
CM;69;46;84058
CM;69;47;80434
CM;69;48;86944
CM;69;49;89634
CM;69;50;86197
CM;69;51;94102
CM;69;52;95930
CM;69;53;90929
CM;69;54;95330
CM;69;55;122086
CM;69;56;102679
CM;69;57;98034
CM;69;58;100645
CM;69;59;104535
CM;69;60;108919
CM;69;61;112454
CM;69;62;105555
CM;69;63;108879
CM;69;64;114202
CM;69;65;122242
CM;69;66;120695
CM;69;67;120247
CM;69;68;124642
CM;69;69;133023
CM;69;70;126633
CM;69;71;130828
CM;69;72;134926
CM;69;73;133195
CM;69;74;129961
CM;69;75;143098
CM;70;1;2026
CM;70;2;3444
CM;70;3;5686
CM;70;4;7158
CM;70;5;8723
CM;70;6;10309
CM;70;7;12023
CM;70;8;13966
CM;70;9;15506
CM;70;10;19562
CM;70;11;20890
CM;70;12;20886
CM;70;13;22389
CM;70;14;23998
CM;70;15;27484
CM;70;16;31900
CM;70;17;29902
CM;70;18;30936
CM;70;19;33101
CM;70;20;43937
CM;70;21;36822
CM;70;22;38256
CM;70;23;60194
CM;70;24;42049
CM;70;25;45138
CM;70;26;45770
CM;70;27;47023
CM;70;28;56876
CM;70;29;50395
CM;70;30;54900
CM;70;31;56293
CM;70;32;55592
CM;70;33;60509
CM;70;34;59870
CM;70;35;66313
CM;70;36;62481
CM;70;37;71581
CM;70;38;65935
CM;70;39;88080
CM;70;40;68695
CM;70;41;77932
CM;70;42;74189
CM;70;43;74873
CM;70;44;85371
CM;70;45;79696
CM;70;46;80552
CM;70;47;87015
CM;70;48;82890
CM;70;49;93103
CM;70;50;95768
CM;70;51;88163
CM;70;52;99160
CM;70;53;97765
CM;70;54;98299
CM;70;55;95149
CM;70;56;102804
CM;70;57;105347
CM;70;58;107248
CM;70;59;102748
CM;70;60;109670
CM;70;61;117324
CM;70;62;111263
CM;70;63;115932
CM;70;64;119250
CM;70;65;121773
CM;70;66;119218
CM;70;67;117711
CM;70;68;118502
CM;70;69;121739
CM;70;70;121213
CM;70;71;123725
CM;70;72;124994
CM;70;73;125760
CM;70;74;128720
CM;70;75;130776
CM;71;1;1689
CM;71;2;3541
CM;71;3;7271
CM;71;4;7845
CM;71;5;11909
CM;71;6;16393
CM;71;7;12504
CM;71;8;13979
CM;71;9;15924
CM;71;10;17960
CM;71;11;19412
CM;71;12;26558
CM;71;13;30931
CM;71;14;24653
CM;71;15;26336
CM;71;16;34748
CM;71;17;43631
CM;71;18;35022
CM;71;19;43205
CM;71;20;46168
CM;71;21;39526
CM;71;22;50823
CM;71;23;51600
CM;71;24;49749
CM;71;25;53298
CM;71;26;55041
CM;71;27;58800
CM;71;28;74881
CM;71;29;63383
CM;71;30;56068
CM;71;31;73343
CM;71;32;66904
CM;71;33;73042
CM;71;34;76106
CM;71;35;71414
CM;71;36;80196
CM;71;37;69832
CM;71;38;79460
CM;71;39;74105
CM;71;40;79609
CM;71;41;105257
CM;71;42;99397
CM;71;43;102935
CM;71;44;94624
CM;71;45;100759
CM;71;46;102952
CM;71;47;112718
CM;71;48;99072
CM;71;49;98644
CM;71;50;112354
CM;71;51;116998
CM;71;52;130958
CM;71;53;119845
CM;71;54;110358
CM;71;55;109570
CM;71;56;118142
CM;71;57;118386
CM;71;58;129800
CM;71;59;118188
CM;71;60;134666
CM;71;61;167072
CM;71;62;134124
CM;71;63;133266
CM;71;64;139883
CM;71;65;138291
CM;71;66;143785
CM;71;67;145178
CM;71;68;147324
CM;71;69;151078
CM;71;70;145010
CM;71;71;146886
CM;71;72;135241
CM;71;73;139994
CM;71;74;142776
CM;71;75;141636
CM;72;1;1801
CM;72;2;3623
CM;72;3;5302
CM;72;4;7054
CM;72;5;8875
CM;72;6;10565
CM;72;7;12224
CM;72;8;14922
CM;72;9;18890
CM;72;10;18122
CM;72;11;19465
CM;72;12;21443
CM;72;13;22843
CM;72;14;27985
CM;72;15;28438
CM;72;16;28770
CM;72;17;30461
CM;72;18;34315
CM;72;19;34669
CM;72;20;35738
CM;72;21;37155
CM;72;22;46386
CM;72;23;42822
CM;72;24;42833
CM;72;25;48697
CM;72;26;46447
CM;72;27;47787
CM;72;28;62130
CM;72;29;51383
CM;72;30;81432
CM;72;31;55836
CM;72;32;64507
CM;72;33;58711
CM;72;34;66665
CM;72;35;63198
CM;72;36;70310
CM;72;37;65988
CM;72;38;72337
CM;72;39;69684
CM;72;40;75907
CM;72;41;73795
CM;72;42;75420
CM;72;43;89835
CM;72;44;85365
CM;72;45;86338
CM;72;46;87654
CM;72;47;84191
CM;72;48;88256
CM;72;49;97148
CM;72;50;88975
CM;72;51;92091
CM;72;52;104240
CM;72;53;106553
CM;72;54;96396
CM;72;55;98938
CM;72;56;107152
CM;72;57;107872
CM;72;58;107737
CM;72;59;104870
CM;72;60;108257
CM;72;61;114730
CM;72;62;132949
CM;72;63;129612
CM;72;64;127918
CM;72;65;120405
CM;72;66;122579
CM;72;67;122338
CM;72;68;125999
CM;72;69;125171
CM;72;70;127421
CM;72;71;128801
CM;72;72;131043
CM;72;73;132078
CM;72;74;140848
CM;72;75;142702
CM;73;1;1746
CM;73;2;4621
CM;73;3;7539
CM;73;4;7557
CM;73;5;9420
CM;73;6;10999
CM;73;7;13024
CM;73;8;14509
CM;73;9;16024
CM;73;10;19961
CM;73;11;20186
CM;73;12;21663
CM;73;13;23280
CM;73;14;25101
CM;73;15;34608
CM;73;16;31280
CM;73;17;30367
CM;73;18;32351
CM;73;19;47458
CM;73;20;37023
CM;73;21;37938
CM;73;22;43790
CM;73;23;41872
CM;73;24;43161
CM;73;25;51905
CM;73;26;55789
CM;73;27;50039
CM;73;28;51614
CM;73;29;51933
CM;73;30;62798
CM;73;31;56705
CM;73;32;63816
CM;73;33;60717
CM;73;34;67688
CM;73;35;63278
CM;73;36;73619
CM;73;37;67210
CM;73;38;81790
CM;73;39;70296
CM;73;40;76036
CM;73;41;76863
CM;73;42;77795
CM;73;43;84940
CM;73;44;79256
CM;73;45;84272
CM;73;46;88511
CM;73;47;84761
CM;73;48;108033
CM;73;49;106965
CM;73;50;97720
CM;73;51;91932
CM;73;52;96437
CM;73;53;102377
CM;73;54;101317
CM;73;55;113964
CM;73;56;104285
CM;73;57;106490
CM;73;58;123817
CM;73;59;116229
CM;73;60;116008
CM;73;61;111332
CM;73;62;112576
CM;73;63;187885
CM;73;64;166059
CM;73;65;132845
CM;73;66;124505
CM;73;67;126810
CM;73;68;127520
CM;73;69;127721
CM;73;70;129528
CM;73;71;136215
CM;73;72;133648
CM;73;73;142769
CM;73;74;139207
CM;73;75;144047
CM;74;1;3806
CM;74;2;3586
CM;74;3;5867
CM;74;4;7668
CM;74;5;9655
CM;74;6;10928
CM;74;7;13195
CM;74;8;14958
CM;74;9;19555
CM;74;10;19075
CM;74;11;19993
CM;74;12;22195
CM;74;13;23921
CM;74;14;30591
CM;74;15;27579
CM;74;16;29155
CM;74;17;31873
CM;74;18;37030
CM;74;19;35547
CM;74;20;36455
CM;74;21;38500
CM;74;22;47582
CM;74;23;42570
CM;74;24;43914
CM;74;25;54986
CM;74;26;49372
CM;74;27;57432
CM;74;28;52884
CM;74;29;54231
CM;74;30;55969
CM;74;31;56357
CM;74;32;65595
CM;74;33;60286
CM;74;34;68063
CM;74;35;64336
CM;74;36;72823
CM;74;37;68233
CM;74;38;73207
CM;74;39;72506
CM;74;40;75039
CM;74;41;82280
CM;74;42;77180
CM;74;43;83954
CM;74;44;84391
CM;74;45;83953
CM;74;46;90636
CM;74;47;89461
CM;74;48;88545
CM;74;49;108562
CM;74;50;105278
CM;74;51;93248
CM;74;52;96192
CM;74;53;103627
CM;74;54;107339
CM;74;55;103113
CM;74;56;103562
CM;74;57;106966
CM;74;58;128995
CM;74;59;127524
CM;74;60;116016
CM;74;61;117565
CM;74;62;129560
CM;74;63;116268
CM;74;64;117351
CM;74;65;120233
CM;74;66;125687
CM;74;67;125970
CM;74;68;124708
CM;74;69;135605
CM;74;70;132279
CM;74;71;130032
CM;74;72;132649
CM;74;73;134930
CM;74;74;141255
CM;74;75;141550
CM;75;1;2185
CM;75;2;3749
CM;75;3;5945
CM;75;4;7437
CM;75;5;9295
CM;75;6;11320
CM;75;7;12991
CM;75;8;14682
CM;75;9;16536
CM;75;10;18855
CM;75;11;21431
CM;75;12;22149
CM;75;13;24158
CM;75;14;26225
CM;75;15;29364
CM;75;16;30378
CM;75;17;31638
CM;75;18;33741
CM;75;19;39831
CM;75;20;37311
CM;75;21;38990
CM;75;22;42294
CM;75;23;44016
CM;75;24;44227
CM;75;25;51834
CM;75;26;49305
CM;75;27;49868
CM;75;28;61038
CM;75;29;54549
CM;75;30;57595
CM;75;31;57709
CM;75;32;65463
CM;75;33;61929
CM;75;34;70859
CM;75;35;65887
CM;75;36;72523
CM;75;37;70314
CM;75;38;73069
CM;75;39;74316
CM;75;40;75587
CM;75;41;91033
CM;75;42;77769
CM;75;43;82994
CM;75;44;88338
CM;75;45;84744
CM;75;46;87346
CM;75;47;93989
CM;75;48;88437
CM;75;49;94364
CM;75;50;97009
CM;75;51;99272
CM;75;52;97616
CM;75;53;104514
CM;75;54;106093
CM;75;55;116306
CM;75;56;108713
CM;75;57;106066
CM;75;58;108096
CM;75;59;113360
CM;75;60;120089
CM;75;61;128031
CM;75;62;119809
CM;75;63;120179
CM;75;64;121512
CM;75;65;123051
CM;75;66;124416
CM;75;67;124001
CM;75;68;125943
CM;75;69;129131
CM;75;70;132024
CM;75;71;135085
CM;75;72;136528
CM;75;73;139499
CM;75;74;143626
CM;75;75;158403
